27503
-16104
10821
16341
-21705
15920
3514
16097
19182
15885
-17631
16036
-3848
15849
20815
15947
-8191
15700
31703
15849
16301
15545
-8042
15748
22880
-17136
-6308
15551
2199
-17049
20494
15632
5221
-17055
-25604
15653
13278
15571
19473
15689
28210
15548
-16537
15741
6483
15251
-6110
15472
30679
-17148
2202
15771
-17835
-17175
18749
15551
21448
-17143
30528
-17231
2997
-17168
5065
-17517
-27647
-17024
30872
-17224
-20870
-17056
-5035
-17419
29544
-17466
-30747
-17294
-27063
-17229
8723
15358
-14204
-16097
-26493
16335
9539
16096
-11552
16081
24779
16045
17001
16033
32360
16000
-11028
16014
-31264
15782
3983
15808
-25472
15836
12447
-17060
6351
15813
-27737
-16891
31573
-17092
-25353
-16906
-174
-17015
-22710
-17594
14335
15656
-28058
-17017
-8064
15724
-21820
15751
-15690
15556
-4730
-17274
27557
-17282
16951
15897
-15207
-17254
-12978
15747
-22266
-17257
19760
-17195
32347
15160
4720
15546
-12703
-16890
465
-17230
-31038
-16956
2384
-17009
-24839
15875
-23886
-16916
-27291
-17521
-24760
-17165
-7385
-16083
-5876
16262
24249
16195
31469
16133
-14669
16124
-15151
16128
19798
16023
-6250
16014
5996
15397
13954
-17135
-17848
-16880
-31763
15603
25552
-17122
-20155
-16999
3003
-16941
29215
-16805
804
-16930
-23926
-17096
-25727
15683
-21553
-17110
-15844
-17602
21384
15469
-14083
-16865
23778
-16949
23471
16002
-27332
-17246
-15824
15237
-21243
15935
21592
15900
20907
15785
12702
-17296
-9304
-17063
919
-16874
12593
-16916
-5455
-17051
3118
-17075
6927
15821
13219
-17070
-12544
-16967
25271
15632
-5047
-16083
-1368
16264
-8344
16195
2464
16132
29845
16170
21769
16041
23082
16034
-28833
16100
2558
15574
-2211
-17474
21241
-16888
-19612
15819
18931
-17210
25003
15532
-17640
15518
-31313
-17232
-21319
15827
6430
15858
-10316
15815
-27688
-16822
28317
15406
-16509
15791
-22503
15713
2740
15595
29250
15774
1900
-16887
30536
-16989
19781
15657
-1450
-17010
14976
15925
-24602
15885
24774
-17078
-7131
-16844
12458
-16945
-18776
-16977
-30083
-16907
-1580
-17042
26705
-17238
-27202
-17123
-24496
15992
-5213
-16085
5922
16269
-16142
16138
-24671
16037
-5698
16114
-9909
15993
11800
16012
19485
16061
6320
15926
-3228
15881
-10909
-16918
-1908
15948
30397
-17126
11472
-17123
-24249
15121
27895
15542
30818
15732
-5858
15595
24219
-16865
-25731
-16842
-13051
15522
22762
15870
12363
15825
-25020
-17619
-15756
15611
12614
15500
23969
-17136
-7810
15267
-17781
15768
6307
15495
-18067
15784
30288
15524
28916
-16846
-31739
-16899
-6811
-16992
5525
-16936
22032
-17109
-3292
15711
-13239
-17003
-32619
15592
4939
-16081
-26983
16273
32228
16185
-20511
16035
11006
15921
8470
16036
11647
16125
-5478
16053
-5038
15785
21682
15928
-13030
15887
-6913
15941
18132
-17184
32609
-16887
30746
15691
-16442
15974
21444
-17114
11335
-17288
-19690
-16770
-8321
-17004
-12981
15752
11287
-17188
27328
-17045
-5168
15904
3437
16013
-25176
15516
-17302
-17221
-32747
15513
26838
15808
-15315
-16904
-28533
-16858
10851
15667
-1853
-16958
5534
-16893
-704
-16942
19167
15798
-18838
-17254
1804
-17758
17185
-17081
684
-17664
27833
-16083
-5
16275
-15287
16162
-23311
16158
22999
16072
25974
16018
-30810
15779
7653
15893
4214
-17559
12819
15915
-17302
16022
1284
15384
-26684
15505
-16120
-17578
5770
15843
-13211
15723
-17509
15684
-32302
15667
-2766
15921
1884
-17570
-26084
15535
18673
15780
-6381
-17153
-17420
-16995
26182
15695
-17953
15658
-13482
15626
12385
-17394
-7551
-16909
11903
-17105
-23731
-17094
4290
-16893
27022
-16991
9237
15429
-18730
15721
-30797
15361
12151
15415
-14961
15629
-16829
-17032
2799
-17447
25311
-16084
-22584
16280
22836
16155
-9829
16145
-4000
16122
-8600
16068
14658
15896
-15208
15890
-21094
15954
-5842
15881
-1031
15909
-968
15839
581
15853
20348
15821
-20837
15750
11865
15667
9194
15787
10860
-17312
-25403
15737
14530
15872
11354
15609
22180
15870
-31316
-16978
-30045
-16883
25736
-17517
-3431
-17023
-5689
15768
32152
15841
15569
-16952
10464
-17672
30847
-16927
26178
-16831
13168
-16907
-17111
15882
-24155
-17717
17607
15819
3363
15755
28655
-16801
-14661
-16960
17800
15801
26645
-16082
-1673
16274
31653
16179
12629
16099
18805
16119
-28278
16040
5873
16043
28515
15970
-32052
15956
-7930
-17196
3190
-16835
-23297
-16895
17950
15997
30941
16112
12860
15883
22473
15624
-22982
15963
16164
15938
-2858
-16989
-31662
-16924
12481
-16785
-489
15891
859
15716
8746
15777
-6653
15622
-8047
-16814
-3554
-16926
-26912
15747
-26867
-17961
-1255
-17007
-24210
-17104
-6694
-17107
-18580
-17211
-23596
15877
6004
-16895
-584
-16891
-26279
15892
-21641
15636
-4534
15178
29655
15670
5829
-16084
25698
16264
16061
16030
28849
16034
-24726
16162
32122
16102
20331
16036
-7146
15907
-14724
15880
6051
-16921
-17902
-17563
27328
14593
-23383
15878
10429
16000
-1749
16029
-3753
16056
-27138
16007
-18857
15740
-17386
-17142
27462
-16918
-4637
-16761
4989
-17023
-1451
15786
-10026
-17495
5626
15954
-1733
-17360
28331
-17166
28520
-16977
-21152
-16890
-26589
-16952
-10807
-16891
-22700
-17077
19027
-17374
31819
15900
4734
15328
13698
14823
-17211
15788
24389
-16911
-25520
-17071
7608
-16996
-7138
-16086
-19371
16263
-20072
16080
-22390
15995
-13706
16071
8680
16055
2102
15777
14848
15950
-7795
15862
5191
15981
-2247
16073
29125
15944
-20577
15874
-11334
15873
6747
16001
17245
16003
-27812
15971
-2410
15804
15779
15952
31327
15759
-5305
15705
20538
15745
-31407
15668
9333
-17422
22795
15765
20706
15635
26278
-16905
-8517
-16881
4748
-17088
28659
-16886
-2825
-16992
8052
-16814
11641
15599
-21327
15404
-15934
-16807
24247
15802
22129
-16981
29583
-16884
-31962
15683
18205
15625
-29616
-16086
11997
16288
16602
16135
-26326
16054
-26414
16117
-32237
16071
2608
15833
-7690
15910
-12145
16003
11037
16033
4022
16016
-23759
15957
6407
-17008
15071
-17067
5063
15927
29483
-17436
-23590
15916
-24799
-16990
-944
-17421
-15345
15773
-32532
-17469
-13765
-17043
-22404
15768
-12703
15764
9506
-17341
28465
15605
-22997
-17135
-7334
-16941
-26718
15688
2735
-17038
9908
15590
-728
-17016
-24451
-16974
5466
-17110
11200
-17086
23442
15459
-17106
-16875
-14511
-17046
-20331
15881
-22560
-17007
-2225
-16083
25198
16268
-26267
16102
4476
16017
-6384
16116
-14720
16032
-23294
15948
31782
15922
-11773
16069
-17362
16028
4082
16035
-20465
16003
9654
-17108
4384
15766
-19496
-17099
12214
-17059
13619
15778
24235
-16769
-1278
-16941
32356
-17130
29459
-17194
-21608
15701
-1017
15923
-8042
15955
2362
15721
-30347
15549
-16161
15574
12676
15276
-18817
-17086
-32269
-17222
29749
15618
18248
-17370
12032
-17013
5105
-16796
-14112
-16812
29668
-17067
-13914
-17031
19515
-17297
-18222
15531
6677
-17062
17719
-16081
-29706
16258
-11053
16172
1156
16098
-16697
16108
8053
15928
26487
15947
-18842
16126
5024
16059
15968
15919
-4046
15916
18945
15904
27737
15744
-3809
-16910
8422
-16909
-9260
15670
-8940
16074
-4776
15749
22936
15616
-2262
15398
-13137
-17041
-4300
15917
17017
15769
-26573
-16853
11168
-16845
-24701
-17136
-11724
-17327
-26202
15926
11608
-16944
-26140
-16918
-21638
15862
29847
-17044
-20938
-16944
20784
15574
-28583
-16857
-13030
15531
-19549
15422
24165
-16956
13199
15518
11844
15754
779
-16085
19357
16264
4134
16078
-31167
15965
12121
16139
25678
16127
-26255
15974
-26336
15984
7035
16018
-14363
15907
10485
15992
78
16039
2306
16013
9169
14813
9964
15722
27084
-17011
-25186
15600
-8468
15906
-30859
15828
12074
15791
-22350
15849
-21063
-16820
30061
-16752
-11009
-16808
7566
-16830
30766
15408
-21297
15896
15789
15881
13257
15596
29615
-17061
-18008
-17184
25047
-16860
-21198
-17019
-30007
15809
-17551
15695
29614
15799
-15481
15757
-1991
-16854
8539
15578
-28378
15816
-20540
-16091
-18313
16280
76
16014
14461
15842
-18155
16026
-21580
16048
-11688
16132
-19376
16054
32350
16018
31840
16023
-20502
15845
-15073
-17305
-7776
-17030
18557
15927
18928
15776
-25089
15415
28540
-16888
-11462
16049
-10168
16025
-25881
15907
31886
16008
10175
15855
27283
-16957
8601
-16868
29079
15703
17913
-16828
6053
-16859
-16533
15816
15993
-17439
9648
-16989
-15772
-16879
-5484
-16940
7597
-17297
-9684
-17086
-7357
15846
25770
-17078
15257
-16967
-10707
-16826
-9096
15823
29928
15854
-27527
-16096
-3636
16273
-13880
15994
-3252
15164
12402
15884
-20935
15955
10614
15990
12990
16156
6671
15724
-31844
16000
3834
15880
31330
15807
-78
15765
13201
15862
-6979
-17573
9120
-17013
13247
-16821
24322
15989
-15584
15975
19201
15643
1007
15878
-25994
15979
29700
15844
9057
-17267
27705
15888
14329
-16764
14035
-16826
-4923
15922
13421
-17096
16326
15770
18793
-16938
20440
-16868
18098
-17121
-19743
-16868
-30990
15737
-9804
-16806
10322
-16839
13838
15501
22815
15770
6787
-17361
-27328
-16101
2714
16320
18999
16056
-21610
-17093
27722
15628
6420
15763
-8466
15938
-28385
16152
18191
-16849
6811
15901
31201
-17227
27433
15978
-21613
15729
-13760
15619
-19411
-17042
-22813
-17157
-14574
-17469
4762
15195
29475
15825
-3323
-16955
30652
-17295
-23148
15861
21892
15809
31334
15712
-14236
-16946
9039
-16921
17284
-16924
20289
15385
22444
-17079
-14233
15910
26277
15883
32356
15790
25460
-16885
-26446
-16857
-8700
-16888
-10173
15748
-27085
-16985
29418
-17007
21929
15365
10578
15656
-15721
-16111
-8470
16279
-19265
15897
17996
-16808
-20123
-16960
24319
15922
-2918
-17576
-11595
16236
20605
-16766
-1678
15962
-23036
15631
-31875
-17139
2892
15883
-9758
-16992
-30536
15957
11068
-17227
28622
-16816
-29633
15933
-31332
15485
-13276
-16889
10006
15655
29857
-16859
-28049
15498
26939
-17037
21347
15873
-4258
15914
-11968
-16862
15890
-16924
-28988
-16874
16036
16020
-29497
-16892
-15055
-17148
-12340
15289
-13337
15807
-27873
-16986
8480
15764
-13388
-17631
-22779
15757
15196
-17137
32555
-17167
-11217
-16118
-25127
16260
1999
-17037
-11070
-16698
27049
-17138
-28425
15845
-23346
-16769
23262
16206
29816
-16822
-32268
15919
25519
15964
-26491
15660
27836
15902
25645
-16835
25798
15930
-17705
-16910
-16676
-16779
7352
15957
-27464
15803
2812
-16862
-16304
15870
30916
-16979
-18750
15958
9502
-16972
-29082
-17598
13763
-17414
5924
-16843
6635
-16901
14979
-17082
-2566
16008
13951
15667
17560
-17119
29691
-17110
18591
-17090
-7210
-17373
19550
-17595
-26656
15243
-2332
-17130
6478
15846
-17104
-16967
-7409
-16128
-16274
16307
-30488
-17305
9879
-16624
29382
15658
-20524
-17869
19497
-16761
23483
16173
-14947
15136
3142
15953
-29533
15833
17861
15715
19551
16002
-22192
-16712
1586
15539
-3827
-17090
14367
-16843
-6171
15729
4943
15624
-24274
-16875
-4507
15925
-8055
15278
12291
16000
1945
-16850
7253
15696
18915
15639
18924
-16845
-22682
15655
-23151
15618
3497
15805
-6168
-16999
-8805
15551
6314
-17003
9430
-17260
7202
-17105
18333
15407
13749
-17227
-17850
-17070
28754
15763
5037
-17103
25075
-16149
27045
16357
-12645
15928
-32431
-16730
-3387
15925
-3790
15891
17935
-16977
-5552
16201
-10358
-17592
11539
15921
27744
15859
638
15039
17899
16021
16679
-16701
-31865
15876
-9261
-16832
11240
-16713
30508
16070
12137
15963
31289
-16850
24391
16030
29131
-16887
-13792
15786
10684
-17032
-19127
15950
3556
15577
-2517
-16721
-24862
15816
17358
-17137
22652
15709
-15043
-17632
30480
15496
-19215
-16865
13326
15813
16216
-16913
-21110
-16970
15516
-17621
9429
-17067
19781
-17293
10883
15567
16588
-16180
29872
16399
1797
15956
-17767
-17135
-45
15810
-14080
15739
-13313
15291
-10673
16221
30444
-16966
8670
15838
9012
15831
2341
-17020
-24325
16017
17921
-16734
-5218
15810
9413
-16853
31598
-16871
22334
16030
-31628
16015
-8012
-16757
14910
15819
2424
-16987
-23078
15720
-3456
-17386
9306
-17048
-26090
15780
-29576
-16811
20150
15839
-16627
15658
-25781
-17126
8963
-17482
3781
-17032
6999
-17211
1873
15752
24018
-16906
-13515
15801
6142
-16946
20296
15897
-15899
15726
-4316
-17767
-6179
-16191
-29935
16413
-15175
16078
-14720
-16849
-3898
15663
7974
-17278
-27285
-17059
-4251
16237
16445
-16809
-21933
15796
17806
-17170
23881
15912
-14549
16050
-29519
-16842
-7578
15874
24443
-16852
30207
-16816
18053
16036
-79
15982
-27346
-16812
-5173
16020
-21546
15726
4293
15942
-12335
-16929
28408
-17013
12229
-16926
-24298
-16920
-998
15887
22674
15438
4004
-17428
-32167
-16981
2471
-17161
18099
-17029
-535
15769
-18174
-16779
-23228
15887
-32615
-16906
9325
15911
796
15104
21656
15729
-12708
-16206
-12036
16424
11261
16146
27766
-16771
19859
-16729
-27038
-16818
-17220
15950
-21465
16248
-18958
-16709
-4148
15903
6514
15624
-20346
15931
20198
16005
19456
-16729
15694
15825
-3016
-17097
18763
-16982
-1967
15728
16961
16008
-26291
-16820
7579
15996
27947
-16858
10759
15908
18717
-16894
19063
-17355
4199
15695
-2932
-16959
9115
-17558
-23836
15698
-23643
-16933
7738
15381
-7562
15698
30028
-16965
9435
15827
-18757
-16843
-16986
15860
16203
-17143
16800
15592
-32198
15661
-28537
15765
1167
-16216
7556
16430
-13798
16107
22344
-16789
26839
-16649
-7190
-16823
13745
16070
18980
16217
4531
-16689
24984
15921
-23141
15874
32416
15948
30950
15787
20982
-16758
-13377
15922
17248
-16953
1420
-16866
-14120
15791
6494
15980
-10257
-16997
13413
15875
31617
-16757
-12235
15949
16519
-16925
-16273
-17152
-21399
15292
31325
-17091
27989
-16987
24345
15511
7361
-17074
-28549
15626
-15536
15795
-14320
-16978
20167
15375
14415
-17215
22810
15850
609
-17148
-19356
-17257
-17011
15835
-17013
-17021
-27026
-16230
-20698
16431
-30606
15929
19581
-16934
-24791
-16622
-6232
-16824
9801
16090
1027
16172
-29249
-16666
-12226
16055
-5162
15533
-23364
15945
192
15895
-14566
-16824
-758
15755
-14063
-16784
19468
-16854
-23162
15978
18294
15958
-9529
-16882
14452
15914
-20244
-16796
-16491
15892
-13409
-16966
721
15405
30243
-16960
-24920
-16980
17051
15179
17684
-17158
29218
15473
-21366
15731
-9516
-17403
4073
15372
-12776
-17155
14916
15707
29389
-17077
-31848
15571
-31619
-17252
17026
15745
-130
-17174
-29481
-16232
20043
16424
-24202
15963
-7895
-16984
17872
-16623
-29268
-16828
-25614
16058
30008
16205
-7409
-16705
-18557
16000
27400
15757
10847
16004
2532
15872
30887
-16757
-13659
15880
30517
-16807
26179
-16733
-14150
16006
-22909
16086
23788
-16845
29889
15893
14305
-16744
19393
15883
-8745
-17013
24619
-17010
-22564
-16886
17176
-16861
6543
-17217
14353
15755
18456
15702
3199
15836
-22193
-17150
-5693
-17274
20929
15621
-28861
15672
-30839
15501
-2342
-16996
-2980
15538
11317
-17238
-16470
-17161
-26914
-16235
12448
16414
-7228
15933
-7512
-16858
28848
-16683
-25102
-16901
17369
16069
16471
16186
14933
-16715
-20169
16062
10303
15851
-1201
15941
-30186
16000
-10425
-16756
-4271
15697
-29921
-16900
30462
-16747
18092
16057
4502
15999
-26747
-17011
1821
15506
-15006
-16794
10777
15847
-7530
-16858
23990
15232
14495
-16855
-30024
-16926
-25435
-17474
17275
15825
-1925
15632
14585
15380
16588
-17364
9253
15119
-2028
15612
14565
15281
18324
15820
-16478
-16888
3897
15855
23914
-17017
24401
-17262
111
-16233
5760
16408
-20759
16033
-26445
-16784
-3088
-16725
4632
15766
-16274
16056
8428
16156
-5768
-16753
-15178
16094
23173
15734
-23648
16001
2038
16065
-19727
-16719
-32115
-16861
12925
-17077
-10448
-16837
25036
15918
-5565
15973
8486
-17357
5094
-17350
-14990
-16821
-30733
15845
-16192
-17000
-16734
15662
-28408
-17047
-29889
15566
-29335
15678
-9933
15945
-19652
-17510
6596
-16812
23179
-17152
32682
15722
19133
15290
-20848
-17126
10176
15827
7312
-16953
-26193
15623
16464
-17149
-30238
-17018
2043
-16246
16675
16401
29824
15806
32063
-16905
30357
-17002
18567
-16899
20295
15890
8660
16230
-5885
-16747
-16466
16015
-14999
15766
-6500
16002
-22025
15919
-6671
-16710
-21163
15410
-6696
-16964
-18323
-16882
18021
16039
-23745
15657
10829
-16905
-1905
15901
-20371
-16948
-32708
15905
-4921
-17178
-22920
-17002
-26041
-17266
11325
-17091
30253
-17276
-10498
15895
2817
-17374
22128
-17040
-25082
-17019
14415
-17128
-13831
15271
8511
-16986
-21186
15675
3455
-17238
32076
15640
22656
15440
-8797
15759
-4369
-16247
21756
16403
21335
15770
-29182
-16984
13868
15386
-3791
-16910
27189
15885
23932
16196
6524
-16744
-4185
16028
-6471
15767
-31052
16037
-129
15834
2197
-16726
-11017
15797
-29302
-17024
-25859
-16788
4573
16027
-17788
15734
11291
-16929
-23843
15873
-10369
-17006
5198
15860
4437
-17342
-730
-17084
-14452
-16928
-8819
15245
-5009
15596
-12722
15835
20781
15438
16376
-17004
-28829
-17258
-1287
-16996
13215
-17141
-4141
-17043
17872
15704
-27629
15516
7713
15642
-1784
-17060
10759
15831
-25139
-16250
18778
16405
-14436
15726
7340
-16875
-15279
15898
-27513
15346
18641
15482
4152
16098
23268
-16739
-23817
16109
-25767
15627
6165
16006
-21508
15950
-3736
-16846
-28573
15591
11163
-16839
-12428
-16903
26013
15922
3124
15963
-29959
-16818
-31244
15874
880
-17085
27814
15787
6809
-17127
-23875
-17128
25860
-16946
-4401
15724
-495
15482
32581
15531
-25701
15798
30233
-16896
-30712
15751
-21073
-16893
2926
-16969
-32070
15656
20247
-17362
26534
15773
8553
15634
-4368
-17089
24723
15496
-30204
-16249
-23915
16409
11391
15632
-22789
-16902
-15276
15926
-16971
15455
26471
15568
26044
16055
3211
-16698
-15099
16122
-8089
15790
-10528
15994
18646
15998
31386
-16840
26229
14971
17485
-16848
12320
-16920
7962
15844
-6514
15985
4706
-16783
-2636
15913
18107
-17131
-21744
15837
-24036
-16921
-10244
15642
24524
-16876
-19933
15832
19960
-17135
-19159
-17150
-12750
15674
-28062
-16936
16532
15885
13665
-16975
23072
-17054
-27027
-17433
1352
-17166
-26898
15791
-21719
15679
7398
-17070
6394
-17006
-9900
-16251
22517
16408
18497
15971
-2356
-17021
7790
-16934
-26004
15583
1667
15851
-9274
16110
2378
-16633
14884
16117
12023
15851
-11703
16064
-6697
15627
11381
-16736
-16706
15889
-22034
15341
-628
-16751
16117
15957
-1158
15837
-32048
-16971
-18460
15781
-12764
15513
883
15620
21031
-16839
1207
15869
29744
-16986
-8846
15690
8629
-17151
-3900
-16948
1804
15748
-31837
-17138
-22191
15654
17108
15675
-27361
-16954
-9118
15753
-27720
-16863
-3057
15891
-21694
-16904
-30727
15817
5511
-16977
16049
-16255
-2996
16408
-7278
15812
-18957
-17014
5510
-17321
-9193
-17247
-10115
15788
-15185
16075
-26358
-16670
8182
16100
21401
15852
-30171
16061
18203
15823
25540
-16712
13320
15986
5827
-17108
17831
-16738
19505
16021
745
15553
-22284
-16886
-21611
15911
1067
15757
2520
15619
11975
-16952
-21416
15807
-1228
-16913
11991
15655
19578
-17300
-5421
-16861
22686
15624
-26799
-17389
21065
15896
935
-16924
-1812
-16965
14085
15790
2928
-17017
-24377
15850
12513
-16807
-30797
15877
31491
-17209
29171
-16269
17805
16409
10323
-16832
20251
-17022
10802
15851
2374
-16923
20615
15653
8412
16108
-5455
-16681
-10524
16092
-11361
15760
28620
15996
-20927
15925
22035
-16791
19054
15924
14415
-17030
18707
-16809
2317
15876
-7910
15726
-20539
-17022
11789
15874
4452
15713
-26627
15709
-23689
-17108
-9598
15684
-9781
-16882
23050
15107
8998
-17091
8990
-17039
7776
-17396
-19255
15628
29842
15833
-29498
-16984
-6032
-17107
-30700
-17499
-24805
-17528
10025
15298
6660
-16960
16078
15619
-13447
-17270
14499
-16275
-2345
16408
-26947
-16731
-30300
15171
-10969
15789
7443
-16970
32130
15786
-243
16059
12921
-16687
16186
16094
13072
15784
30138
16025
29240
15866
5269
-16876
-22906
15948
-21197
15339
9810
-16801
-13722
15830
6883
15195
29138
-17045
-30291
15908
19774
15789
31267
15744
1655
15279
23471
15692
-2177
-16996
28675
-17062
-23882
-16928
-20799
-16976
-16582
-17219
17170
15881
18077
-17511
-13854
-17313
28362
-16941
2920
15566
-27913
-17397
-8950
-16983
11334
15562
29773
-17489
15568
15685
14317
-16259
-19375
16414
-18033
-16973
19805
-16844
-2342
16014
-16926
-16929
-28489
15519
338
16029
-19292
-16674
17640
16081
509
16062
-24108
15915
14947
15753
-27146
-17082
-4058
15831
-24405
15878
12414
-16705
15650
15979
-14326
15639
-8484
-17103
20595
15863
17289
15894
-1592
-17506
10759
15881
-10269
15621
19250
-16926
3096
15280
-8097
-16787
-20529
15635
-5021
-16962
26666
15846
9991
-17075
27443
15320
-17638
-16905
-6337
-17137
32416
15754
427
-17069
4935
15517
-9913
15573
31134
15742
-17061
-16255
-6305
16409
15565
-17239
12397
-17272
-28240
16044
-31290
-16891
31629
-17144
-20860
15886
20001
-16694
-23904
16101
-8538
16039
14897
15911
-11153
15794
27935
15739
7180
15275
-15768
15879
-30100
-16791
-6296
15968
-22119
15586
6383
-16898
-10437
15490
-27757
15877
-16874
15527
-29737
15908
11511
15559
-29983
-16895
28609
-16993
3040
-16833
-27073
15922
29872
-16889
7095
15913
-6451
-17054
5217
-17006
-20083
-17204
19
-16836
-23136
15856
22559
15121
-22863
-17125
-19207
15762
51
-17388
17212
-16240
-30238
16418
29965
15983
-20140
-16938
31385
15975
18260
15885
-20157
-16989
5060
16003
-28282
-16697
-31802
16020
-26888
15970
14631
16042
13408
-17369
-15061
-17113
28839
16000
31660
15620
-31221
-16840
8609
15913
-20736
15786
4580
-16729
-29268
15675
-6558
15913
454
-17080
19241
16026
2304
15756
58
-16758
14603
-17099
-534
-16919
22249
-17332
24305
-17096
25352
15990
30246
-17191
-27535
-16963
20300
-17359
-6718
-16845
-22227
15796
-23213
-17091
29064
-16985
4705
15925
-24262
-16970
-13859
-16234
2410
16407
28030
16055
3699
-17622
32589
15994
-31218
15848
21476
15812
-8712
16042
24355
-16700
16801
15837
-26169
15911
-21706
15943
12842
15625
26488
-17496
-31729
15852
9211
15456
3693
15770
-11149
15731
-15851
15547
-20654
-16799
29808
15247
-23632
-17399
3261
-17734
-22405
15977
29883
15788
-6630
-16821
9980
-16818
-2851
-17069
21082
15795
-3425
-16980
25342
15887
1114
15846
26378
-16891
21810
15685
6481
-16897
-7043
15682
23559
-17379
-24216
-17218
-10681
15662
-11759
-16988
-19944
-16223
-31867
16353
-11486
16154
7341
15904
-19570
15883
22783
15891
13912
15958
3891
15961
-27602
-16797
-19300
-17476
25845
15951
-20146
16025
2137
15818
24822
15796
15831
15197
8581
15925
26809
15896
-9946
15920
-10317
-17052
4089
-16980
-20507
-17017
22072
15596
23633
15753
-13828
15893
18061
15826
-26360
-16878
31284
-16723
26611
-16894
-19516
15875
-32066
15428
4646
-17390
-6289
15830
-10733
-16943
5853
-17018
31405
15584
-3069
-17009
5232
-17257
23719
15878
-26767
15877
22465
-16955
-1843
-16209
24116
16290
-7665
16162
-16106
16094
15486
16012
-24482
16065
-25817
16068
26560
16013
8292
15547
5160
15673
4880
15925
-30530
15954
-29010
-16946
18910
-17291
21758
14950
16224
-17150
32439
-16907
-5730
-17214
18415
-17123
-24501
-17858
7995
15000
-6871
15798
-24710
15938
-2606
15807
-3364
15782
4071
15576
-13722
-17038
23260
-17252
-20975
15744
-17322
-17019
31303
-16842
-2988
-17045
32467
-17169
25478
-17097
30647
15745
-17156
-17037
3412
-17071
1558
-17029
32324
15862
28733
-16966
-18534
-16195
16816
16278
-31731
16204
-29139
16138
-31810
16092
-11473
16066
8068
15986
28293
15934
-24128
16036
-2575
15923
20244
15898
-14997
15872
1218
-16960
-16191
15679
-29479
15894
3950
15766
9447
15812
6171
-17269
5448
-17122
-16365
-17073
9452
15702
-13836
-16991
4753
15894
19337
-17143
13200
-16944
15856
-16976
15322
15565
-17787
-17166
-9954
15776
3180
15896
-20142
15582
-29401
15650
-2800
-17222
-28118
15869
2468
15873
-24195
-16980
21047
-16952
32693
-16961
-810
15799
-16251
-16899
-29974
-16184
-31543
16203
-30150
16193
29695
16180
-26925
16136
17751
16035
13439
15943
-16667
15895
13557
15882
-11641
15591
-8899
15537
-9543
15879
7393
-17180
28233
16012
-25431
15872
32060
-16856
-23598
15262
-4558
15555
18029
15696
7227
-16964
6620
-17048
-1898
-17083
20600
15591
32499
15907
31731
-16845
7332
-17139
-5676
-17044
-25378
-17190
-27077
15652
16812
-17178
27413
15825
-12072
15687
-24422
-16994
-30196
-16896
15643
-17188
16171
-17319
-14533
-16775
-26873
-17092
20832
15650
16279
-16790
14538
-16173
-26285
16180
-22188
16263
31601
16162
-26580
16004
-15965
16082
29957
16023
-28465
15742
30730
15607
11911
15916
8465
15933
13611
15704
24860
15657
-17751
15992
19644
15851
12614
-16983
19764
15732
14200
15683
-3731
15886
-30139
15561
-19217
-16874
23978
-17398
15960
-17231
-5379
15808
10724
-16837
-9681
-17177
-2247
-17180
-20447
15894
2914
15508
8363
-16868
-32205
15658
-22225
15780
-4914
-16825
-11478
-16844
8094
15830
-21340
15875
-19847
14714
21199
-17044
-30877
15747
-10570
-16861
-11818
-16169
-9879
16164
2177
16199
-30877
16130
-2833
16133
11620
16053
31859
15923
-5377
15903
-2672
15899
25806
15997
-1347
15507
-17160
15823
-30043
-17123
6251
15786
-11148
15548
-6186
-16949
-29366
15147
14720
15903
-4829
15945
25370
-17362
24022
-17194
13321
15591
-25242
-17219
22266
-17220
10361
-16896
-5025
-17039
-26956
-17290
12791
15726
-18936
15243
-13848
-17308
-31948
15523
11251
15788
9073
-17040
-18036
-16853
24070
15429
10912
-16977
11871
15619
16031
-17018
-18877
15616
29806
-16941
15416
-16163
32202
16079
-21687
16107
-7687
16150
13232
16146
-24141
15909
-13796
15825
6390
15840
-22785
16004
12790
15808
-3190
15820
24033
15915
-9039
15875
-15007
15425
7314
15939
-27416
15770
-13381
15885
10038
15900
-26341
16001
-21001
15639
3376
15976
3252
15702
29292
-17062
20583
-17195
-10923
15616
-4174
-16865
30759
-17235
-9153
-16956
-12436
-16875
12178
15834
-29307
15499
4462
-17172
-13797
-16887
28589
-16871
-1995
-16979
29198
-17080
-23206
14885
-27210
-17245
-30226
-17483
-1589
15774
-16895
-16159
-12614
15882
-14831
16128
473
16204
-10982
16183
20822
15872
29264
15651
-9149
15805
-11935
15976
25862
15764
-32112
15476
-1432
15627
-19446
15873
27946
-17513
13226
15702
17462
15492
-7925
-17158
-24962
15842
23469
15183
25890
-17000
-6502
15547
-10131
15720
-22189
15909
25781
15880
32064
-16877
-28297
-16786
-27425
-16822
6758
15693
-26675
15670
-5490
15964
-16247
15859
-28205
-17044
-22062
-16883
-18943
-16877
2188
-17175
17136
15786
-15659
-17051
24265
-16756
-25995
15864
11627
-17098
-7196
-16148
2075
15866
26923
16037
-11050
16107
20498
16113
7288
16045
-16979
16009
21760
15969
27213
15547
-16243
15978
12118
15956
-22651
-17150
26022
15894
-15170
15611
12615
15520
-27738
15633
-28795
-16795
124
-16935
-2583
15157
-15472
-17392
-31555
-17000
17336
15856
-31860
15680
2786
15861
9047
-17586
-16357
-17248
6640
15332
6347
15731
-19047
15665
17772
-17127
17023
-17133
5699
-16945
-3753
-16870
869
-17289
-13450
-16982
13165
16011
11701
-17454
-8915
-16862
26064
15519
-14551
-16860
-7070
-16145
-24369
15897
14191
16005
22328
16079
23423
16106
-12943
16051
-7581
16011
17395
16020
21513
15891
27623
15797
-7724
15919
10412
-17179
-11399
-17300
13257
15866
6102
15807
2410
15751
-12586
-16901
23764
-16868
-16605
15837
7241
15836
-23365
-17327
-917
15855
-8612
15886
-11747
15860
22184
-17001
-1071
-16979
24993
-16868
10772
-16813
9118
15768
-25488
-17101
-19330
15952
-28586
-16882
31572
-16985
-27960
15328
26472
-16942
2303
15964
-25570
-17124
9145
-17232
-11552
-17578
-31982
-16983
-31
-16142
19518
15930
30709
16033
30275
16115
-18589
16143
-21818
15960
14405
16039
30501
16051
4756
15966
23105
-17043
-22185
15801
12518
15504
-11452
15889
-19096
15936
23160
-17295
9167
15934
12944
-16863
-725
-16986
-13963
15807
-566
15864
21793
16017
-30926
15787
15265
-17345
9243
15742
20107
-17514
18604
-17912
15017
-16862
4914
-16771
28749
-16875
-32455
15617
-6243
15882
22729
15468
-2455
-16990
6836
-16952
-12045
15382
5059
14998
23435
15587
8831
-17093
-11148
15610
19935
15541
2450
-16133
-16631
-16704
9006
16024
22305
16121
-9866
16196
-7505
16071
8985
15978
24754
16022
186
16056
-4410
15869
8047
15946
-30534
-17011
24769
-17619
-11546
-17329
-22792
15824
14922
15858
23183
-17191
-6198
15844
8202
15902
-30042
15891
23244
15994
-27068
15953
4366
-17414
17111
15733
-18432
-16988
-5564
-17057
30155
-16868
2571
-16709
-29638
-16740
-18155
-16822
21777
15825
24013
16009
9492
15788
921
15837
26342
-17152
11784
-16873
11807
15785
1281
-16930
-12052
15621
2416
15808
-25672
-16132
30804
-16688
1399
16045
-5826
15982
27791
16104
24043
16046
25598
15915
-332
15856
15715
15949
15088
15847
-10167
15689
27682
15611
19699
15782
-20059
-17119
-13248
-16884
-11138
15723
6586
15796
-19726
15901
2144
16038
20327
15899
-8667
-17162
-31278
-16895
8143
-17001
14697
15571
-27589
15742
-6018
-16962
5737
-17009
-18668
-16861
4778
-16993
-24359
-17103
6636
15805
32325
15927
22341
-16873
-4328
-17108
-28473
15853
813
-17014
-18704
-17019
-14441
-16907
11464
-17129
22713
-17022
-10007
-16136
24380
-17038
15319
16103
10582
16009
11475
16097
3924
16001
11443
16060
-16552
16036
31673
-17063
-6414
15823
2725
16015
-31243
15813
23814
15551
27449
-17067
22789
-17236
-26908
15892
30540
15518
-11827
15724
9267
15797
6697
15741
-10196
15761
-22935
-17146
-28097
-17067
-21960
-17189
-26595
15647
-26153
-17127
-15304
-17128
16196
-17894
-9388
-16982
2548
15441
-20012
15526
-7733
15501
6999
-16874
-20151
15498
-32404
-17141
-17435
15690
6900
-16846
-20344
15246
-1477
15840
-9721
-16980
-18071
-16135
-30570
-16737
-30358
16064
-24156
16041
-18832
16129
-3076
16021
177
16074
24141
16145
6064
15914
-27104
-17121
-18302
15754
-32450
-17206
10657
15317
-8929
-16904
21791
-17283
26385
15924
-19
15621
-22860
15760
-9530
15784
30048
15771
18028
16004
-13812
-17145
25816
-16966
16740
-17067
-9022
-16934
25971
15769
-31460
-17192
-30409
15515
-18389
-16964
-11256
-16823
23553
-17429
-585
15980
28901
15498
-21176
-17094
168
-16819
-17312
-17265
3177
-17519
-26825
-17017
-28009
-17165
1592
-17008
-23485
-16141
-1779
-16741
-13133
15768
6678
15944
-29392
16105
1889
16054
28404
16038
7894
16063
-32487
15986
-32592
15600
22283
-17278
9060
15851
-4066
15787
2094
-17653
-5326
15795
12380
15666
14605
-16941
14696
15918
9130
15872
-23429
16007
-14761
15914
27450
15494
250
15754
-3665
15550
9068
-17170
-11904
-17018
-1039
-17229
-4565
-17007
20619
-17205
-26384
-16748
-29076
-16841
-20247
15676
22069
15670
-26397
15867
-5750
-17161
-16468
-17039
9377
15693
-29338
-16867
-15253
15547
-31217
-16986
1820
-16152
10948
-16743
-9603
15884
-8066
15827
6852
16060
-27750
16038
-28691
16051
-13787
15903
17532
15811
-19318
15829
-20285
15919
11798
15922
21833
15764
21086
15754
26523
15887
30600
-16863
9015
-17272
-9491
15617
-7391
-16881
22392
15743
10250
15927
7297
15789
23950
15705
-12358
-17075
16505
15643
17050
-16940
-2680
-17012
-24287
-16904
20143
15558
-1558
-17135
2266
-16968
-2517
15657
-22606
-17207
-18868
15791
32569
15626
-7107
-17335
-4234
-17251
29500
-16847
14039
15881
13790
15640
13833
-16174
15782
-16869
398
15642
13879
15773
-4968
15965
23636
15988
-26425
15767
-3
15528
30012
15946
-28077
15817
-19868
15892
-27871
-17254
32137
15832
-30367
15696
-14163
-17262
-17267
15791
14093
15918
-30455
15549
-29199
-16912
27389
15391
-28613
15768
-17702
-17061
8531
-17042
166
15774
5852
15763
-2628
-16898
13012
-17108
-8910
15681
13573
-16882
-1876
-17031
23938
15675
30687
15450
11139
-16895
18479
15868
7456
15756
25492
15409
-23774
-17181
-25696
-17034
4487
15893
-13050
15695
-638
-16183
-4310
-16639
12371
-17216
-27775
15808
16302
15937
4352
-16911
506
15247
-3415
15774
27226
16015
26758
16008
-20557
15748
-17362
15877
30282
15809
7781
15807
13427
-17320
-21877
15603
-24909
15770
22107
15534
11714
15880
27455
15400
-30774
15797
23526
-17202
14271
-16880
23919
-17336
24633
15822
32400
15747
3447
15972
-21178
-16967
-23587
-16894
11404
-16996
21346
-17040
-3794
15779
-29159
-16886
5220
-16902
-29029
-17390
-10766
-17100
-29031
-17475
-359
-17332
-21067
15703
13521
15742
-31604
-16196
22491
-16721
-15305
15919
-25020
15617
30168
15914
27544
15704
5298
-17010
-21233
15883
-16935
15974
-9297
15871
7126
15879
-25636
15836
16255
15792
-15813
15809
13317
-17603
-15945
15596
-8528
-17123
-28159
-16952
32310
15865
-24735
15644
20881
-17033
6039
-16789
-27292
-17013
-23828
15718
-18388
15501
23024
-17170
-14307
15771
15941
-17124
1285
15361
-27641
15616
5391
15809
-8428
15750
26388
-16822
-6583
-17209
-26004
15599
-20477
-17021
13903
15587
19911
-17787
2751
-17115
1002
15810
24555
-16218
-20395
16136
19091
16089
-25895
-16842
20197
-17039
-16536
15939
16042
15771
20035
15828
17953
15817
-4635
15701
-8248
-16869
-2265
15149
-1342
15991
-26746
-17006
14025
-16944
-1299
15976
7745
-17086
29288
-16972
-7494
-17167
2225
15849
-24618
15516
26591
-16780
-19082
-16921
7515
15960
-14299
-16920
23735
-17138
-14644
15230
-12731
-16885
13916
15747
21197
15390
20958
15865
16507
-17125
-10216
-17106
17001
15914
-7749
15221
20415
-16958
2344
15814
-28951
-17186
8270
-17051
30926
15528
24303
-16229
1723
16315
30311
16203
19369
15954
24305
15681
-29694
14863
6719
15900
2408
15963
11681
15514
-3178
-16916
11970
-17012
29408
15584
11496
15854
13286
-16896
12603
-17255
-11819
15889
-14031
-16912
27247
-17387
10058
-16915
-14745
15821
4193
15511
-7958
-16889
-18590
-16960
15112
15992
28329
-17581
7705
-16889
2760
-16918
-26817
-16990
-7232
15937
11177
-16936
-24377
15696
-32146
15783
31978
-17097
25236
15814
-26684
-17366
-6736
-17643
31930
15744
-10988
-17673
7147
-17568
22275
-17147
31040
-16226
1760
16409
-23519
16210
-15362
16044
4984
-16761
8553
-16684
-22557
15805
-5651
16117
-18037
-16893
-23689
15536
4720
15897
18223
-16832
1202
15922
4613
15480
6626
15849
17512
-17229
18653
-16713
2190
15919
-32437
15404
32015
-17505
25426
-16818
13851
-17126
26681
-17084
18561
-17113
-16197
-17103
-31527
-16982
-10072
-17033
29614
-17002
-26520
-17001
19817
-17110
-15710
16006
-9053
15880
4127
15181
10330
15863
-1851
15831
3425
-17789
11358
-17009
24296
-17241
-14196
15831
-5554
-17148
17202
-16242
13408
16426
12725
16176
32450
16067
29007
-16703
-31694
-16581
-31252
15603
11901
16139
8144
-16828
-27984
15885
-11113
-17230
29228
-16652
-1488
16059
1725
-17138
8855
15965
16783
15960
16872
-16673
-23654
15759
17194
15581
30912
-16870
10121
15919
941
-17009
-6308
-16890
32492
15491
25632
15479
26126
15936
26017
-17042
17507
-17024
-29131
15511
-10514
-16884
-4915
15745
21828
15922
8465
-16947
6649
-17115
-29184
15695
27859
-17362
1750
15884
-30303
-16894
-20642
-17163
-27079
-17108
-17198
-16254
-30447
16422
25311
16195
-1829
15886
10038
-16613
-2090
-16637
19497
-16984
-4277
16196
-29607
-16705
-6076
15654
-27143
15802
-13243
-16849
-15894
16032
18514
-16829
-11383
15764
-21779
15914
7278
-16811
3160
15839
12828
15877
25951
-16906
24835
15904
15401
-16889
5443
-16962
-24001
15758
16092
15684
1029
15981
29759
-16874
-12273
-17132
14604
-17074
23381
-17013
-21934
15318
-18250
15658
-10935
15604
26587
-17306
17463
-17256
-32707
-16950
7050
15804
-20166
-16871
22103
15735
-25020
15849
-23628
-16270
12624
16427
-32768
16147
-16445
15815
27282
-16592
31352
-16641
-29658
-17160
-9377
16200
13476
-16724
24621
-17596
9953
15717
30901
-16828
8916
16002
-5563
-17035
19660
15789
16691
15907
-18663
-16746
17629
-17050
-2532
15400
-28549
-16794
-13116
15775
27767
-17403
18353
15882
-23454
-17119
-21188
15763
-23633
15860
746
-16806
-22400
15863
29923
15401
-4465
-16991
7824
15723
-23800
15800
-12631
-16983
-3431
-18154
-13557
15802
26137
-17007
-25176
15709
22380
-16932
21294
15675
29013
-17142
-8102
-16283
-29555
16422
10037
16051
-18079
15873
-12471
-16591
16459
-16712
22683
-16947
6848
16181
-3545
-16736
8586
15582
11478
15693
7489
-16807
13672
15950
1480
15389
-28612
15815
-8475
15888
-11956
-16751
12053
-16970
-24199
-17267
-27454
-16803
25655
-17369
19578
15946
-6262
15521
-6151
15874
25267
15520
-1311
15541
-17830
-16915
25845
-17029
4992
15890
26604
-16886
21026
15803
-27730
15549
5714
-17075
-2437
15527
9733
15774
-16253
-18742
4700
15142
15112
-16990
8720
15625
6081
-17450
-28888
-16277
-27588
16436
-7962
16028
-4660
-17449
-16909
-16560
118
-16674
19700
15531
22829
16205
14060
-16730
24107
15896
10670
15893
-13331
-16735
16774
16010
-27525
-16889
29677
15730
23336
15626
-27550
-16672
-18558
15745
-8910
-17399
24286
-16851
7353
15957
13729
15886
14788
-17111
-6034
15826
-11804
15619
1669
-17132
20504
-16965
-14334
-17333
-9373
15787
14159
-16873
-19299
15854
-24782
15682
11736
-16877
-15054
15591
-25746
15935
23793
-16934
3102
15781
-2689
-16897
4915
15863
-23754
15656
-32710
-16293
21411
16416
-18841
16025
31537
15899
16083
-16520
7339
-16689
-3997
15583
14808
16202
-28411
-16741
13892
15897
18245
15878
5772
-16769
-4225
15966
30927
-16997
-5
-17202
28713
15675
-31497
-16698
21593
15221
-13185
15646
-29223
-16884
7042
15894
-29855
15874
-22437
-17163
24067
15807
27538
15383
16725
15554
-6305
-16894
-24270
15619
-7325
15567
-9288
-16924
-24390
15886
-1199
15663
-32438
-16875
13390
15508
-14614
15802
-21864
15496
-19863
-17365
-27763
-17419
30374
15627
-23594
15836
22892
-16297
-5350
16408
7678
16045
-4486
15779
26196
-16542
7208
-16722
9255
-17076
-11322
16176
9248
-16763
-30957
15930
-7497
15750
-21149
-16811
25622
15978
22545
-17192
-17880
15394
10294
-17039
1620
-16718
-27755
-17134
-10275
15849
5366
-17007
-24542
15906
4577
15882
25457
-16917
21697
15663
-29962
-17204
17758
-17152
7205
-17149
18961
15839
10961
15542
-29352
-16866
292
15797
-5988
15767
17338
-16916
26778
15769
-29339
-17139
17261
15392
-11377
15460
-31455
-17548
1169
15742
15516
15436
2463
-16296
32586
16407
24115
16036
12398
15798
-25304
-16544
-28570
-16743
-17279
-17016
2317
16179
-23607
-16727
28134
16002
-8747
15818
-24422
-16767
-32733
15993
-25266
-17412
28985
15561
15142
-16915
-28952
-16727
30504
-16976
6441
15821
10938
-16959
-1497
16007
-2225
15803
24115
-17010
-25990
15165
-30965
15578
-21545
-16893
12026
15617
-19997
15667
22241
15807
14759
-16835
9587
15902
-22953
-17426
-19894
-16995
-5681
15613
9448
15678
23171
-17022
-255
15533
-10338
15125
-22589
15836
-4100
-17127
-17915
-16301
1725
16402
-30000
16017
24510
15878
25815
-16552
-16699
-16694
296
15864
20100
16179
-7726
-16699
-21745
15949
20219
15968
-3775
-16748
2539
15970
-22637
15730
-24228
-17227
2344
-17221
-7869
-16653
-16711
-17160
11765
15513
-18920
-16949
-8234
16003
19725
15879
1834
-17097
-6239
15750
-23969
-16973
-6855
-17290
12418
-16934
13209
15883
-13316
-17538
4483
-17232
16789
15674
-26447
15635
19887
-16969
27901
15724
-24854
-18026
-11487
-17039
-31994
15538
11325
15644
-30399
15739
20837
15698
14834
-16294
-21835
16409
-17298
15996
21865
15905
20896
-16543
27165
-16696
-18455
15908
-2255
16179
13958
-16648
21239
16002
-28276
15909
-26406
-16741
15667
16008
20638
15646
-15656
15705
1951
-16989
6189
-16700
-6032
-16996
-27947
15603
27235
-16850
-32540
16036
-17523
15880
-31103
-17128
-32142
15725
31527
-16992
-11744
-16911
29783
-16928
20049
15924
-32220
-17583
3322
15774
-32109
-17286
15487
15629
23716
-17046
-8446
-17462
31761
15777
-3986
-16891
17546
15455
-30572
15593
-13067
15704
-29248
15573
12836
-16300
-11385
16398
27573
16062
-13224
15837
-17400
-16538
15149
-16702
-14673
15892
-2379
16191
-11313
-16636
-5684
16004
-7797
15897
29082
-16727
-25609
16010
-20629
15652
28993
15803
18709
-17006
-31991
-16703
4031
-16983
13450
15353
-9520
-16850
-9921
16052
19017
15793
-31876
15649
-5931
15490
13141
-17040
-2657
-16884
1544
-16883
31919
15893
-10575
15772
18186
-17261
-22800
15898
31864
-16897
14838
15373
5735
-17503
18107
15647
-19615
-17027
8569
-17059
-23391
15700
27884
15668
11027
-17186
24847
-16305
-3694
16396
-13187
16063
10418
15635
-22642
-16538
-31203
-16693
15575
15939
19740
16175
-22407
-16667
7145
16013
-10041
15856
-31759
-16734
-5070
15973
19925
15627
-6870
15655
-16698
-17131
9501
-16715
3813
15245
16170
-17343
14422
-16875
22301
16043
21958
15758
3236
15623
7425
15448
-26099
-17051
28870
-16841
2259
-16975
32509
15821
-11205
15851
11893
-17189
-29887
15893
-28667
-16905
8985
-16993
-8733
15856
-6388
-17249
-3544
-17091
4265
-17184
6001
-17315
-3528
15781
-4871
-16914
-28380
-16311
-4503
16390
-18782
16071
-22329
15725
13456
-16527
27179
-16715
22987
15928
-7129
16166
29181
-16701
-20611
15960
11926
15816
25626
-16769
-16672
15927
-31492
15852
-336
-17251
26722
-17418
-9906
-16722
24756
-16980
-3611
15599
5337
-16877
-1706
16030
9756
15776
9077
15706
-17389
15261
-8484
-17240
-1535
-16840
10836
-16950
22871
15819
-32286
15735
-28602
15634
-11803
15831
21769
-16986
19691
-16918
17231
15874
-16798
14956
15299
-17017
-13973
-17239
-26032
-17229
1162
15804
-17708
-16974
-4814
-16311
-10658
16394
-8223
15970
-4038
15928
-22463
-16522
-19788
-16951
32680
-16875
-29225
16204
-6831
-16675
6575
15994
23015
-17185
13205
-16982
26483
15794
-7543
15938
11350
-16979
-30895
15751
15880
-16701
-11450
-16916
-337
15746
-19316
-16843
16538
16030
-15291
15839
-8118
15757
-21944
-17234
-1129
-17531
7740
-16824
-32221
-16894
-23607
15843
-15244
15806
19368
14993
28703
15877
-22911
-16991
-26593
-16952
26572
15759
12013
15687
12182
-16986
25549
-17371
32626
-17059
-6650
15823
2086
-17063
-17232
-16309
-16497
16395
24668
16017
19347
15892
-12937
-16532
-23389
-16936
26546
-16879
-19249
16194
-8848
-16706
-23764
15963
22147
15479
24674
-16939
21124
15911
14195
15814
-6918
-17406
8291
-17329
24981
-16725
-13682
-16870
-24279
15869
3954
-16777
16395
16056
12864
-17546
-30751
15814
-786
-17121
-26087
15552
-26311
-16859
31473
-16986
17175
15817
4320
15814
17708
-17059
-9398
15870
27419
-16999
29838
-16948
-9353
15829
17185
15605
-2861
-17144
-30467
-17080
-11550
-17120
-30020
15818
22066
15635
-30882
-16293
-10184
16400
3653
16155
15344
-16964
14659
-16568
16866
-16891
-28801
-16877
-20972
16156
-22382
-16804
-27358
15819
27245
15731
-4913
-16931
29044
15933
22171
15546
-21948
15642
13960
15513
-10027
-16708
-18864
-16928
-5167
15811
-14615
-16798
2733
16042
-32371
15776
-54
15779
7320
-17034
-32685
15768
6833
-16796
16402
-16904
-29641
15840
-2842
15890
6317
-16932
-21056
15926
15868
-16982
23376
-16875
-2807
15774
24766
15808
28080
-17169
-25989
-16989
24927
-17126
14727
15826
-8827
-17089
21985
-16291
-15508
16402
9871
16174
-7669
-16801
19866
-16586
-185
-16896
19595
-16868
26360
16155
14348
-16790
17909
15880
-20127
15551
-6975
-16931
-23351
15934
-14523
15788
5624
-17148
-19445
-17256
24725
-16755
-10309
-16890
-1739
15714
32394
-16894
-16315
16041
18707
15471
-17598
15611
-2482
15630
-6637
15572
-3468
-16830
21844
-16990
5143
15877
23790
-17846
11347
-17069
-27277
15933
14494
-16897
20881
-16979
-32686
15746
-31300
15642
19219
14903
431
-17018
-31403
-17517
17411
15819
4726
-16962
-29866
-16292
9895
16400
-9024
16176
20684
-16782
-2604
-16635
-2059
-16753
-7615
-16952
6067
16150
-10389
-16799
-1541
15722
25433
15857
-1115
-16850
-31153
15953
18344
15743
21164
15585
14954
-17129
-30415
-16776
-18165
-16876
-21728
15810
-9331
-16827
-4297
16029
9795
15706
-21843
-17731
28278
15705
-26362
15709
9749
-16800
31484
-17042
-2567
15844
-2015
-17303
28975
-17316
2937
15886
-18129
-16907
-23268
-17268
15492
-17504
26943
15751
-19121
-17323
10376
-17008
-26321
15515
31901
15744
-4210
-17037
-5490
-16284
-15249
16409
-15173
16176
27282
-16879
1664
-16600
-20072
-16753
15502
-17240
21464
16150
7105
-16721
-1313
15948
-489
15829
30624
-16758
28581
15975
-2477
15897
3492
-17044
-14118
15488
32397
-16758
-23631
-17017
-21588
15552
3824
-16877
19866
16036
22698
-16965
-18002
15863
16205
-17133
22325
15885
-29301
-16796
1482
-17039
-989
15860
-14838
-17154
-2267
-17050
-20299
15905
8489
-17046
-10739
-16887
402
15785
-10890
15698
-19441
-17036
9556
15372
-21710
-17091
19459
15882
-31940
-16948
-2382
-16283
24156
16409
22115
16180
-16837
-17006
-11708
-16574
-1302
-16783
18443
15434
26585
16143
-20234
-16668
18768
16046
-25383
15137
9067
-16750
2041
16021
25867
15689
-16976
15707
20982
-17079
32490
-16841
25412
-17038
24604
15032
-27876
-16873
-31869
16015
3208
-16984
-25334
15831
27125
15015
-30924
15874
-24006
-16775
-9946
15410
-22528
15700
16789
-17234
11797
-17016
9617
15963
-23733
-16884
7799
-17003
-1260
15662
19153
15718
-4681
-17142
-29370
-17686
-32369
-17081
1061
15868
-16184
-16885
-2336
-16277
-16272
16417
9733
16169
17609
-16875
-15335
-16636
-25337
-16720
-28903
-17144
11386
16138
4422
-16729
-11334
15994
16302
-17192
13069
-16798
-24259
15934
2922
15777
7674
15837
-9316
-17391
-30883
-16841
-28660
-17043
-24539
-17246
13336
-16860
-29361
15969
6387
-17148
15850
15815
31179
-17107
21366
15945
11954
-16755
9921
15633
29459
15746
-16163
-16995
-11988
-17357
32185
15930
-16812
-16892
-19503
-17025
12470
15676
-24073
-17479
-18032
15679
9751
-17825
-10025
-16939
-3336
15912
-1806
-16892
-18968
-16276
518
16417
20074
16189
31435
-16767
13469
-16657
-927
-16795
-15419
-16933
28571
16130
-1298
-16787
2239
15908
-14388
-16922
25577
-16886
15375
15927
-26453
15707
28300
15889
21257
15775
32450
-16808
-1979
-17163
-17566
15504
2553
-16805
888
15917
-13577
-17051
-19600
15876
-19882
-16887
-14928
15981
27881
-16788
201
15535
-13332
15785
5344
-17201
-24860
-17123
28736
15838
-9616
-17009
15128
-17117
-20628
-17131
27268
15717
13540
15759
-945
-17149
28587
-16976
-14302
15926
16925
-16945
-11555
-16273
13989
16420
19057
16123
-31465
15756
13560
-16668
6791
-16727
-24530
-17063
4874
16137
-7066
-16746
-9288
15865
-24573
-17015
3381
-16791
17445
15932
-13033
15709
-30521
15922
-8694
15874
-29473
-16786
2509
15723
27520
-16963
61
-16813
-26840
15898
29141
-17159
-16713
15754
21007
-17164
-21144
15936
-14630
-16778
30184
15789
-20374
15510
-14908
15375
24614
-17088
71
15786
23695
-17050
-538
-17034
-24245
15449
-31092
15268
-28603
15766
27227
-17761
-20782
-17023
5953
15759
10695
-17090
29768
-16264
-16171
16428
29186
16059
-2508
15939
-19974
-16688
-21691
-16687
860
15701
-25524
16135
-21945
-16681
20292
15972
-30053
-16855
28168
-16763
25541
15988
-9910
-17164
31500
16026
27725
15701
1547
-16891
-14286
15744
-4306
-16943
-8443
-16774
-27013
15897
21600
-17011
7516
15775
31663
-17277
-23459
15953
-8570
-16781
-19505
15662
15901
15839
29165
-16977
-31706
-17302
29391
15853
14685
-16929
-18780
-17194
29365
-17384
20686
15234
-943
15802
-20608
-17366
2516
-17058
-15940
15769
-12706
-16919
-26279
-16263
19701
16411
-18386
16162
568
15928
13138
-16707
28842
-16711
-26442
15810
-5692
16126
-20551
-16653
7889
16056
-11488
-16727
-3558
-16841
27502
15693
-9372
15905
-19062
15873
18528
15992
9780
-16884
-8497
15788
-32707
-16937
25715
-16735
21443
15893
24678
-17002
-5019
15575
11462
15759
3741
15869
-17430
-16876
-14927
-17127
21687
15915
17332
-16923
16996
15660
24965
15757
-730
-16979
26871
-17024
-10805
15117
1379
-17128
-31275
15923
6145
-17052
-31164
15284
-26725
15397
14516
-17081
-22566
-16253
4029
16426
-5334
16135
19697
16030
-29120
-16687
29439
-16686
-1743
15930
5344
16088
-22573
-16681
-14812
16014
-32741
-16738
-2822
-16812
-10329
15846
-27245
15754
-10317
15975
6478
15905
29911
-17034
-17924
-17197
-26723
15277
-29800
-16686
-3696
15977
-27599
-16903
13332
15839
3399
-17395
-4697
15947
-29826
-16778
-3533
15726
1379
15746
27947
-17014
11240
15283
15350
15863
27773
-16929
10402
15312
-22498
-17024
11312
15451
17807
15873
-18453
-17073
25303
-17296
-6692
15490
-22690
-16966
26563
-16251
-30644
16419
-3866
16165
-14246
16025
11654
-16747
8638
-16628
-1127
16014
2684
16042
-27999
-16712
22895
15927
30962
-16804
24133
-16784
-3881
15749
-27435
15705
16883
15953
19933
15955
-9498
-16863
16757
15890
-8599
-16835
-11384
-16772
-30986
15845
26402
-17130
12879
15838
12305
-17473
-31894
16003
17003
-16737
-25921
15749
4934
15741
-15770
-16960
-6400
15386
502
15889
-4685
-16899
-16389
15638
1567
-16977
-28528
15621
-16759
15764
12741
15482
-6630
-16968
-15292
15751
29598
-16841
10085
-16251
4008
16415
24081
16192
13213
16003
-23477
-16658
26220
-16742
12046
15871
-7935
16134
1888
-16610
10954
16048
23558
-16739
-6877
-16751
6541
15942
-9184
-16935
-32690
16096
-22876
-16977
-2493
15617
-24528
15414
15582
-16882
-28490
-16781
2485
15925
-3732
-16966
19797
15791
-14326
15781
915
15934
-31284
-16774
-21653
15700
5609
15844
18184
-16835
9218
15640
-19133
15824
11342
-16887
-20339
15812
-4955
-16928
11012
15772
-3401
15585
7591
15142
-21963
-16898
-27415
15858
-15880
-16749
-3785
-16253
8323
16409
-14477
16224
-16254
15912
-22659
-16684
-11788
-16739
7764
15854
31921
16158
21211
-16591
26497
16070
-26016
-16743
3614
-16736
-15593
15951
10126
-16965
12286
16073
-27259
-17175
7705
-17166
10337
15648
21087
-16942
-30962
-16808
-1139
15850
19161
-17528
25784
15400
-27809
15580
1413
16001
15604
-16732
18079
15763
-7730
15859
18673
-16840
-16493
15827
31339
15638
6716
-16927
20494
15878
-30100
-16862
-29975
15811
-8644
15301
12637
15621
-24027
-16925
25616
15855
17373
-16811
-29715
-16241
22446
16427
29321
16268
19829
15647
24607
-16620
10183
-16993
20768
15768
-10980
16147
30546
-16601
18997
16095
-7133
-16669
7094
-16836
3412
15823
7515
15501
32477
16055
32759
-16997
-23098
15268
-32006
15776
-2370
-16851
2368
-16852
16395
15980
-29095
-16817
-9782
15651
20603
15826
8867
15942
17555
-16677
4606
16004
-15125
15709
-4920
-16811
1083
15893
24133
15625
-18094
-16982
20708
15663
-8829
-16987
-32736
15819
-23557
-17039
3180
15774
21457
-17005
10504
15742
-26279
-16867
9108
-16239
13567
16429
3104
16260
5190
15943
26716
-16603
-3317
-16868
21854
15964
2839
16131
-11758
-16592
20215
16080
32763
-16715
11059
-16766
-7433
15879
29021
15612
20358
16030
953
15271
-13184
-16891
-26407
15811
-28779
-17113
17411
-16754
-31988
16011
-19743
-16853
11994
15813
-8114
-16941
-12506
16002
-23612
-16749
22764
15852
-21169
15768
5839
-17004
16013
15805
-2222
-16988
18649
-17091
-2287
15714
5475
15477
-9182
-17047
-30290
15693
11556
15766
32259
-16914
5045
15536
24724
-16899
-2131
-16243
-18348
16418
5293
16273
3405
15765
16817
-16660
-27222
-16784
14388
15949
19395
16158
23337
-16587
2809
15972
20964
-16756
-22422
-16808
23088
15879
-21125
15539
29208
16064
5815
-17310
-9420
-16768
-8526
15918
-27888
-17168
3238
-16802
-9593
15949
-6616
-16977
-30966
-17267
-15322
-17267
-13693
15810
22280
-16891
2467
15564
-341
15907
3465
-16944
7675
15596
27582
15262
-16435
-16939
-6487
15869
1231
-16936
-5189
15842
-16222
-17070
-18299
15606
-22668
-17122
-32295
15635
-19873
-16887
-22060
-16241
-21181
16424
5171
16255
24214
15941
7237
-16689
-707
-16736
-3179
15919
28977
16176
21585
-16582
7959
15959
-2252
-16733
12560
-16933
20163
15804
7096
15559
18861
16081
18037
-17071
2901
-16817
-22337
15921
19993
-16935
-17981
-16897
10024
15947
21066
-16842
14254
15710
28642
-17111
-28249
-17535
-22433
-17035
-25708
15410
23328
15959
-10314
-16985
28193
-17215
-11516
15365
-23078
-17104
-3512
15363
-12772
-17246
9496
15798
24181
-17074
-2323
15757
-5017
-16886
14073
15880
31417
-16932
-17969
-16246
29245
16414
19830
16214
-714
16076
-25603
-16705
-28314
-16638
16015
16037
-19545
16179
-743
-16569
-2163
16033
-25834
-16689
11462
-16815
19107
16032
22722
-16985
12173
16064
26724
15807
-31143
-16683
-5905
16049
30845
-16806
27380
-17055
-8600
15922
23041
-16853
-29898
15634
15393
-16893
2985
15816
-26531
-16928
-14482
15773
8956
15918
31931
-17095
-5727
-17026
11248
15723
-24816
-16967
-19026
-17205
-16614
15746
-28822
-17094
-18044
15825
-29711
-17028
12457
-17303
27043
15745
14671
-17022
32316
-16245
15987
16421
15018
16171
-236
16092
-14459
-16665
3577
-16696
-6584
16109
-20507
16128
19431
-16582
13182
15992
-25944
-16718
-26079
-16811
4185
16008
-11218
15367
-32527
16037
-22071
15403
-32115
-16726
-23098
16035
6781
-16804
32743
-17173
21133
15885
1013
-16957
-227
-16987
13131
-17004
-29432
15913
23123
-16846
-31832
15874
19216
15937
12978
-16900
21822
15670
-1038
-17002
-8432
-17032
32172
-17261
31409
15773
16651
14998
-6747
15529
29535
-17296
5027
-17168
17311
15578
7808
-16948
21527
-16248
4328
16404
950
16202
-8526
16040
11570
-16783
-15214
-16692
23584
16076
-20253
16123
-12104
-16539
32766
16060
-32480
-16758
25103
-16754
28762
15962
1692
-17073
22137
16072
451
15211
8659
-16763
-18938
15990
28263
-16852
10438
-16870
20976
15920
19029
-17030
18145
15247
-31898
-16894
-16033
15774
7618
-16967
20715
15874
7675
15943
-22038
15358
20289
-17145
-28587
-16924
2847
-16827
-16870
15759
29510
15780
-16597
15785
136
-17114
27388
15408
1533
-16903
12264
15619
-18416
-16879
9254
-16238
-25017
16426
11368
16174
-21725
16079
-20510
-16764
5674
-16678
-10066
16113
-11898
16130
-8164
-16565
805
15890
1217
-16751
-5060
-16837
26374
16038
25598
-17258
23708
16055
19479
-17035
-4085
-16727
31305
16006
30334
-17121
2609
-17019
9557
15923
24635
-16757
22380
-17136
-8814
-16962
19195
15995
-16838
-16826
-27787
15950
-5508
15833
-17884
-16878
-5187
-17140
-25154
15759
-6976
-16934
23595
15797
9088
-17118
-20183
15553
15249
-16989
-24445
15740
-24214
15401
-31912
15759
14303
-16842
-28557
-16244
-21326
16400
-1456
16173
-1023
16141
-14301
-16968
22030
-16623
8569
16078
-24881
16179
-2682
-16532
25063
15868
-5282
-16641
29988
15774
15547
16092
-4853
-16899
-32323
15978
-21425
-16953
-26101
-16729
-22973
16012
20390
15873
-20253
-16931
-20688
15172
-26239
-16835
-16159
-16976
-22948
-17205
-25742
16019
-8695
-16867
3027
15711
-22868
15909
10059
-17129
17836
-17033
-32557
15274
-21549
-17223
-18570
-17043
-25620
15334
31783
15515
-11419
-17519
-643
15623
-30888
-17041
19482
15813
15937
-16756
-11496
-16243
8613
16408
21045
16122
-13639
16148
-7236
-16999
-21154
-16629
24723
16129
12454
16162
-4768
-16540
-27976
15786
12159
-16680
31235
15772
22478
16091
10987
-16858
-23093
15886
6142
-16976
4530
-16842
1790
16026
3793
15782
-16045
-16852
-1200
15540
6663
-16830
2018
-17328
-13014
-16891
29
16039
-8745
-16752
28596
15960
-9892
15796
14768
-17215
-4989
-17145
2688
15616
-4309
15463
29571
-16929
-26606
-17155
-29642
15408
2450
-17191
21592
15837
-22796
-17020
-14099
15786
12936
-16769
-9142
-16242
-16420
16413
5938
16027
17266
16195
18671
-17096
3579
-16635
19238
16083
-21752
16170
3362
-16563
3358
15783
15061
-16750
-1964
15414
32095
16060
-25010
-16849
-3764
15891
-22013
-17371
-3155
-16880
23252
15989
-9906
15783
4278
-16869
-24532
15506
-20054
-17056
-23885
15437
-12721
-16764
24996
16026
-32170
-16764
-24503
15881
-12666
15837
3641
-17034
-31963
-16994
31165
15364
-19834
15790
-11549
15582
21446
-17121
-8781
14903
-29108
-16961
4224
15445
-18877
15510
14606
15890
24396
-17019
8247
-16239
30646
16419
4770
15923
-9605
16166
-18428
15913
-7080
-16623
4830
16108
23308
16165
-30904
-16561
-757
15927
-13403
-16694
13080
15721
21801
16056
6747
-16828
32682
15904
-22337
-16836
4384
-17143
26333
16006
7805
15925
-9306
-16838
918
-17066
15449
-16977
-13124
15841
-32762
-16795
19350
16032
-13413
-16667
5471
15902
-4569
15835
18181
15745
4486
-17086
13106
-17142
-25382
15752
4694
-17253
-28678
-17425
7680
-17176
24196
-17079
-3265
15627
14408
15562
13336
15818
27915
-16876
-5007
-16239
27745
16414
28761
15948
32512
16142
-13596
16032
-16062
-16731
-17848
15962
-14861
16182
-12094
-16566
31085
15980
7121
-16751
-2643
15286
19393
15985
-6991
-16814
-7658
15926
21944
-16900
29489
-17139
-9024
16055
-13695
15346
8866
15557
-16872
-16868
32499
-18144
-25638
15827
-15201
-16764
-9227
15994
32722
-16717
18220
15799
13920
15887
-16988
15518
-26927
-17086
-19317
-16983
22639
15875
18881
-17044
-29787
15627
19752
-16903
-6516
15640
-354
14806
-22519
15895
-16908
15740
14819
-17000
-21192
-16233
4199
16422
-3200
16005
-21604
16152
22511
16025
-19928
-16756
17177
15999
1106
16171
-30406
-16536
-27851
16004
-11908
-16748
-3032
15960
2592
15984
6784
-16744
30841
15961
7639
-17182
11957
-17306
-30279
16010
18741
15686
-27169
-17104
24730
-16948
-27949
15575
-15441
15862
-8936
-16796
-2437
15988
13860
-16730
-24952
15667
1045
15570
-10409
15856
20373
-17685
3855
-16856
-11899
15905
31827
-16834
-4434
15841
15861
-17029
-7173
-17538
-19702
-17224
-8348
15775
-26135
15925
18328
15542
-8047
-16223
5771
16424
10587
16115
-28194
16143
-6773
16034
-13645
-16723
20222
16069
-3751
16108
11431
-16504
-22278
16043
16727
-16703
-17749
16099
-15698
-17022
6157
-16682
21730
16028
-6215
15871
-1299
-16991
-24105
15728
-5127
15758
-13919
-17112
-11401
15598
-9267
-16984
2767
-17171
6406
-16876
-7343
15942
-24368
-16752
-20251
15671
-29866
-16896
18062
16032
-11301
-16938
27397
-17238
-4458
15997
17911
-16887
-10100
15753
-29971
-17268
-11187
-16904
-22867
15677
-28524
-17048
-12733
-17418
29121
-16842
10105
-16217
15788
16394
20850
16117
15896
16180
-372
15985
11262
-17296
-5761
16084
-26244
16011
-4422
-16577
-30643
15760
21897
-16837
-29064
15910
13360
-16806
18683
-16795
-29589
15983
-26420
15848
-11948
15651
-2622
15946
-27452
15985
-9736
-16947
16247
15855
20195
-17076
20356
-16895
-29598
-16853
-22634
-17212
-5417
-16770
-31988
-17131
-1417
15394
13283
15874
-28504
-16964
-4663
15916
-28693
15990
-5351
-16976
26467
15883
-28816
-17045
14399
-16928
-17238
-16919
20707
-16954
-30915
-17026
-12270
-16862
-11051
-16201
-17543
16390
9806
16166
-22377
16194
29050
16097
-1893
15839
-28335
15981
-26821
-16975
29377
-16618
-2343
15795
-21946
15904
7150
15691
-17530
-16970
31244
15802
38
-17220
-12133
15929
11021
15964
29623
-17237
-4843
15874
18295
-16885
-17614
15772
-971
-16977
-18417
15901
-8716
15730
-31113
-17198
-22167
-16979
8636
-17298
-6276
15831
19852
-17021
657
-17151
29733
15738
29484
15614
-4746
-16798
-32024
15652
18401
-16957
27803
15770
-97
15419
9219
-17053
-21864
-17262
217
-16844
-28591
-16186
27658
16387
-8559
16115
-20903
16226
12114
16141
-17161
15914
-11365
16067
-8030
15989
3506
-16706
1155
15644
20944
15838
-25422
15753
24135
-16948
-25334
-16892
24728
15533
-19328
15500
26365
-16959
1027
15787
-12808
15935
12683
-16884
-20536
15839
28577
-16994
-18220
-17211
-3201
15298
-429
-17018
-8961
-17268
32211
15744
32762
15792
14962
-17510
18911
-17239
15740
15178
9477
15902
-22201
-16881
6831
15530
17045
-16971
2245
15805
-30909
-17023
11962
-16877
19911
-17105
5711
-16907
-11488
-16171
1060
16411
7184
16132
-4063
16196
-5792
16024
-27508
15987
-19487
16138
-5744
15847
-23577
-16745
18305
15937
-3732
15797
-14589
15849
5532
-16809
25257
-17018
8963
15984
30376
-16871
-18771
-16976
-19825
15963
14245
15872
8441
-16836
-2983
15659
-28387
15300
17082
-17063
26847
15524
21369
-17062
-258
15811
31309
15837
-12070
15578
18915
-17056
5804
15920
-30545
15883
13289
-17086
-21821
-16841
28654
15702
24081
-16876
-666
-16932
22374
-17016
10529
-17244
-14963
-17591
-32477
-16970
20747
-16188
-12756
16349
21531
16158
-5031
16204
24751
15989
27811
16019
18264
16070
24877
-17459
24790
-16947
-7058
15924
-3879
-17231
-3866
15135
19533
-16959
2909
-16891
15531
15996
17776
15672
25771
-16980
19390
15841
17117
15794
8940
-17404
19820
15890
-19849
-18212
-31572
-17037
-7185
15887
2731
15727
14922
-17116
3701
15752
20491
-17114
25171
15615
-29039
15775
29679
15781
-5498
-16969
10820
-16874
-24447
-17272
-6136
-17130
-6092
-16911
-8911
-16945
25663
-17014
21953
15664
24937
-16994
32533
-16192
11623
16304
8064
16207
23170
16245
-28935
15936
29428
16126
-31030
16034
-9867
-16848
4856
-17004
1798
15940
11556
-17480
-5456
-17082
-15430
-17063
-21709
-17269
-26035
16073
-13868
-17326
-18251
-16847
26796
15888
-10891
15829
5203
15763
-14992
15918
952
15743
13467
-16968
-12241
15953
-31733
-17740
-7989
15543
2055
15593
29740
15737
-14432
-17185
10507
-17514
-27234
15630
-3262
-17031
12761
-16896
20801
15531
24492
15790
17380
-17087
2118
-16907
-14048
-16854
-2043
15847
-26723
-17036
10870
-16197
28595
16292
14817
16189
-15209
16253
-2627
16092
-31208
16089
-6170
15949
-2682
-16998
2250
15846
-20440
15977
-22950
-17129
30536
15776
-2632
-16827
16102
15828
-8426
16044
11739
15563
23596
-16866
-2887
15626
7520
15895
-21575
15798
29279
16011
-16724
15693
-4161
-17106
25184
15959
21577
15690
4364
-16918
12163
-16961
5687
15022
-11045
-17162
-12007
-17121
9770
15820
-30947
15873
-22769
-16918
-29171
15805
-12121
-17326
-4489
15232
-22880
15710
727
-17784
-29246
-17347
-15594
-16962
-20294
-16202
-28876
16314
5927
16184
20811
16233
25316
16148
-20126
15980
12190
-17093
28426
-17481
-2179
15923
-4877
16008
22899
15747
17911
15770
705
-16778
4724
15939
6519
15965
1512
-17126
-29304
15863
23740
15768
11099
16009
13279
-17096
-8009
15910
-994
-16908
19347
-17385
1625
15994
8692
15877
2709
-16944
24746
-16887
11734
15345
-22461
15508
-3697
-16904
10740
15937
2908
15969
5231
-16977
-31064
15630
4077
-16845
8972
14641
27526
15838
25720
15515
-25537
-17257
28327
-17226
-27954
-16205
28296
16336
3116
16159
22117
16182
-23896
16136
-29588
15995
-8274
15602
7914
15205
26690
15973
26016
15961
-22289
-16862
29300
-17430
-24810
-16777
10575
15792
-6869
16012
-10554
-16892
2300
-17329
-30268
15934
31844
15953
-15559
15236
-1725
16023
7943
15355
3696
-17306
112
15759
22096
-16942
-31085
-16880
7582
-17030
5516
-16987
-25456
-17793
-18267
-17107
24659
15831
17214
15946
23882
-16914
24192
-17233
-22274
-16955
5324
15914
-5551
15547
-17369
-16978
22614
-17034
23545
-16843
6700
-16202
-9635
16366
-18218
16140
-9395
16155
31590
16149
861
15992
-17404
15819
24298
-17246
-3243
15901
25767
16014
-10992
-16873
3661
-16949
-8634
-16721
13767
15655
6067
16058
10890
-16829
903
15634
1418
15794
8877
16021
-16462
15925
-25698
15934
-11959
-17033
14134
-17778
-21781
15903
12131
-16752
13969
-16992
18680
15598
-17135
-16821
-27189
-17370
1556
14775
-16008
-17360
12844
16035
24230
-17015
92
-16931
-30413
15383
9187
15561
-3060
14864
8460
-16917
-15686
-17336
16170
-16805
16967
-16202
-6617
16369
-29878
16136
-21219
16148
-29840
16138
3862
15949
-9892
16050
-26225
-17021
24121
15742
-25001
16025
-5905
-16902
-11185
-16875
18658
-16724
3764
15560
-7252
16006
304
-16949
-29983
15788
6492
15290
-26628
16110
-7252
15919
-26533
15715
-11204
15530
-15805
-17229
-24105
15790
27870
-16820
-2713
-16947
-14094
15505
31538
-16956
-25988
-17346
-7515
-17286
-28457
15787
-10108
15874
18471
-17017
4522
15863
-21537
-16884
4520
-17295
-8611
15740
18413
-16979
29211
-16873
11782
-16865
-8949
-16204
-26533
16370
24466
16113
3193
16166
-2945
16130
30605
15780
-4809
16096
3546
-16911
-11811
15663
-18130
15918
-12156
-16942
-15992
-16940
5618
-16836
-12514
-17096
29168
16067
9884
-16837
9323
-17278
16875
16034
14330
16058
-6610
15662
-22085
15820
-5499
15954
-20188
-16847
-27689
15768
-6244
-16851
25716
-17090
-3658
15789
-15469
15616
-17667
15591
-7887
-16860
29275
15755
25146
15864
-26388
-16882
27666
15869
-15066
-17018
-7144
-17010
23556
15308
-32195
14751
670
-16815
8419
-16868
20520
-16202
11504
16375
22628
16145
14624
16142
-3442
16144
14231
15726
7524
16004
27260
-16792
18376
15634
22957
15892
6325
-16896
20001
-17353
20534
15813
-4339
15693
-3817
16009
-8223
-16773
17501
15920
2740
16003
-7111
16008
3835
15874
17394
16047
9014
15720
31684
-16813
8197
15860
11915
-16944
9969
-16995
-5867
15997
-29992
15912
17279
-17058
-17109
-16955
-27608
-17067
11966
15673
28932
-16895
-17092
15850
12501
-17040
886
-17368
-22579
-16847
6520
15691
21196
-16876
-24608
-16834
22846
-16205
10253
16376
-29241
16093
-14400
16084
24403
16160
-12209
-17132
4320
15995
9474
-16778
-31825
15773
3847
15628
-12136
-16902
22751
15820
27074
15890
21676
15913
-9740
16020
8918
15224
1893
15900
-19484
16013
21222
16073
-58
15798
25088
16052
-8475
15901
-8384
-17059
-24521
15896
-8851
15637
29424
15823
17820
15911
-28408
15873
24922
15932
22129
-17384
22742
-16870
31410
15781
24657
-16777
6847
-17284
31872
-17406
-4048
15587
25327
-16786
14540
15618
-7466
-16947
-31167
-16804
-15695
-16205
-14565
16385
-8882
16145
-13091
16056
-9907
16185
10502
-16980
-23578
16030
-10115
-16857
26744
15803
-21395
15971
1389
-16797
8433
-17471
1122
15670
988
15811
-3790
15991
-18744
-16975
24259
15885
-11290
16023
22770
16005
29759
15717
-20814
15931
-30888
-16991
5414
-17505
-12813
16015
-5992
-16928
17769
-17173
27815
15824
-9981
15890
-18017
15662
9787
15907
-26410
-16909
-24225
-17354
-7995
-16823
-3011
15761
5270
-17144
-1074
-17049
2321
-16885
2221
15828
-11719
-17104
1278
-16859
21434
-16203
26900
16370
26682
16150
27866
16126
-9081
16233
-32353
-16887
32633
16018
-4972
-16890
-28608
15761
-16366
15976
17179
15695
-68
15955
-29160
-16683
18867
15698
5922
16001
14166
-16954
-19293
15906
-26656
16011
-20598
16092
3178
-16874
-25020
15882
-5495
-17182
-9453
-16887
32577
16040
-26012
-17040
-16997
-17496
-13906
-17333
-11049
15878
-24722
15806
-12272
15645
-5219
-16999
-7771
15984
11711
-16875
14624
-16958
11205
-16852
26245
15673
-17893
-16959
11642
15723
28370
15687
24090
-17022
-14440
-16204
-21320
16388
-23655
16150
14313
15990
-10599
16194
29993
-17189
-15181
15898
26227
-16827
-16446
15911
19159
16029
-29830
-16969
-30765
15948
30721
-16675
17043
15897
-21312
16059
-13984
-16908
-28538
-17117
-10533
15949
-22407
16023
5680
-16721
-26652
15958
-16927
15899
-22646
-16685
-9359
15958
19960
15825
-13353
15450
6491
-17339
11518
15921
-10312
15891
-30137
-17018
7360
-16856
32345
15909
27649
-16818
-12794
15699
11671
-16870
-12494
-17034
-32441
-16899
-5787
15809
-15987
-17383
31653
-16895
14662
-16202
17817
16394
-9727
16168
15967
15952
5596
16156
8865
-17268
27025
15835
23463
-16909
2448
15637
-725
16104
30073
15547
-3545
-17269
20328
-16751
13202
15919
-21560
16043
-25985
-16799
-22976
15750
-6311
15823
-31737
15962
4306
-16716
10711
15865
14809
15928
18115
-16760
-28007
15920
5180
15924
-11750
-17033
-475
15335
-30184
15796
-14557
15956
27500
15511
-25816
-16754
-27625
15917
16279
-16926
-12790
-16993
21131
-17158
-5229
-17112
-17879
-16880
4983
-17015
18032
-17104
9519
-17260
27686
-16201
9526
16389
14627
16154
3364
16087
16910
16190
10806
-16799
-8636
15611
11088
15860
-24617
-17054
4391
16031
-16540
15737
7901
15631
22447
-16682
-9884
15877
-26613
16032
-17949
-17074
-22108
15880
25010
15268
-24326
15903
26975
-16696
6819
-17021
1902
15873
-7707
-16868
5825
15973
-12408
15887
20256
-16992
-13183
15814
2430
-17150
12318
-17204
-9986
15669
-12440
-16919
8422
15947
9870
-17049
30376
-17447
15651
-17131
-29401
-16956
4926
-16926
-1516
-17138
-5008
-16880
-20370
-16985
-25748
-16200
12737
16403
4166
16135
-17128
16054
16269
16182
26044
-16776
20582
15872
-21818
15868
6395
-16985
15139
16002
-126
15891
-19872
15919
-29530
-16703
20784
15750
24378
16037
-52
-16915
16681
15767
-16582
15369
-2504
15953
12466
-16846
6105
-17082
-13437
15647
27057
-16811
-8061
15995
20683
15790
-11334
-17284
13864
15696
11686
15738
13704
15627
-4034
15614
5494
-17210
-31198
15963
-25387
-16981
11957
-17000
-23057
-16893
28577
-17205
22734
-17000
18154
15896
-18722
-16982
25472
-16846
339
-16201
-13734
16402
-6267
16104
-23015
16032
26788
16236
9380
-16891
15026
15757
-17116
15741
27899
-16960
-24591
16071
-3518
15930
-28545
15928
4799
-16734
24255
15617
-4088
16029
11856
15430
10986
-17186
-28254
-17519
4554
16009
-28816
-17099
9889
15652
-13291
-17985
13524
-16800
-18193
15932
-12342
15912
24229
15590
-18220
-17083
2607
15862
-23885
15860
32483
15760
13573
15751
-6722
15908
22755
-16998
-14958
-17024
24769
-17003
17398
-17345
30203
-16946
-11577
15935
9748
15506
-17248
-17051
-4302
-16197
22786
16404
-31310
16088
15558
16055
26993
16244
11513
-16880
3281
15878
7417
-17464
5158
-17141
6697
16081
-22654
15962
-24426
15839
-17378
-16721
27167
-17145
-6183
16019
-12374
-17592
-25878
15312
8828
-17028
12703
15963
13500
15820
-22537
15760
-22560
-17137
-24784
-16815
12496
15822
-21582
15950
524
-16993
6323
-17021
24562
15897
5703
15836
15750
15724
-28521
15787
-14070
15945
-20163
-17037
31586
-17109
27099
-16957
2743
-17003
13083
-16882
-14687
15904
24594
15698
20377
-17032
14542
-16194
27858
16409
17872
16094
-21009
16020
3223
16243
25911
-16833
-1402
15835
-24341
15716
-29624
-17137
30238
16106
-16061
15754
-6179
15884
25426
-16779
4662
-16891
-8496
16063
-18429
15658
-6025
-17049
24895
-16852
3142
15936
10416
15776
-13393
15658
20055
15983
26382
-16824
6200
-17272
7393
15642
-4098
-17431
-30895
15818
9604
15856
27010
15733
1961
-17300
-24698
15896
7814
15735
32436
15757
-12295
-17019
-6801
-16877
-1602
-17620
-7698
-16833
18661
15861
-28991
15365
-3923
-17273
12835
-16193
16166
16408
28313
16131
19631
16046
-26311
16215
9360
-17009
24117
15884
-12408
-17128
24533
15441
14299
16066
-22777
15969
32346
15835
9819
-16813
25244
-16931
25979
16128
-8194
15538
-21023
-16852
7687
-16852
-211
16030
-16511
15633
590
-16903
17336
16019
25438
-17154
5892
-17283
-9188
15609
-8299
15268
2050
15950
-30423
15780
-24827
15242
-27225
15681
30983
15945
-10800
-17025
19535
15853
30074
-17251
-25875
-17084
14780
-17238
17081
-16760
-18555
15795
27042
15816
11868
15796
7057
-16192
11078
16416
-13410
16031
3040
16013
-25519
16246
-1996
15038
-3869
15858
3764
15317
-13087
-17098
-15790
16000
-4654
15976
2529
15897
26210
-16878
23171
-16906
2999
16035
-27716
15626
4713
-17128
-21281
-16839
-12583
16016
21593
15906
-20650
-16844
-8463
16005
-6369
-17202
3727
-16994
-18556
15981
13127
-17115
11617
15785
-13208
15747
11992
15820
-6576
15778
-25505
15975
-5070
-16990
8713
15719
-31695
-16925
-5792
-16965
-5637
15624
-24569
-16901
5850
-17533
-14085
15488
17231
15897
-4433
-16188
-28153
16417
401
16030
17618
16012
-2683
16240
-1406
-16939
-16040
15773
32088
15888
11682
-16903
-23978
15987
-9341
15912
-21151
15783
-21489
-16809
350
-16782
26362
15920
9642
15775
29267
-17070
29241
-16855
-1874
15938
9939
16018
26531
-16886
-17258
15836
30489
15471
4945
-17133
-17442
15687
5449
15584
20199
15660
-10029
-16909
-24920
15843
-18133
15898
599
15920
5334
-17020
-18193
-17342
-32444
-16981
-22181
-16892
26734
15834
-26221
-16765
-1150
-16988
20489
15442
-3722
-16942
-30103
-16184
12657
16416
20362
16033
-17224
16075
-22342
16238
9994
-17000
-13699
15786
12570
15869
-6813
-16865
25991
16010
-21584
15987
22462
15670
27056
-16817
3448
-16753
31756
15514
29276
15998
13579
-17040
-14992
-16867
-16259
15877
30136
16020
-14923
-16849
10633
15908
23108
15770
11549
-17447
8419
-17213
-27747
15474
358
15745
-19413
-17006
10230
15812
-7546
15799
-16901
15938
18986
-17113
7773
15489
15901
-17063
-4720
-16990
-29242
15511
-31159
-16757
-30373
-17122
15658
-16954
28088
-17217
14048
-16175
-22803
16423
-9670
16080
29659
16070
514
16244
-20021
-16951
14820
15781
8351
15925
-21550
-17017
-7822
15954
11194
15930
31778
15694
-26548
-17059
24106
-16799
30946
15523
25498
15924
3501
-16946
-16185
-16848
29786
15903
-9204
15945
3699
-16969
24782
15879
-25917
15876
-17231
-17035
677
-17123
-5075
15826
30858
15966
13660
-16980
562
15826
1846
-17254
22649
15969
-19129
-17142
-12652
15791
-365
-17110
15395
-16980
-26541
-16933
19706
-16745
17232
15502
-14017
-17190
-6026
-17084
-5601
-16167
8832
16427
31152
16166
-1415
16083
-15986
16186
20057
-16886
9707
16053
10741
16030
-26737
15775
-18984
15708
26252
-17131
-14468
15902
-17928
15781
-30556
-16860
11133
-16886
11724
-17188
4129
15244
11897
-17524
26234
15809
-6375
15871
-715
15634
22777
15845
-32199
15996
24912
-17084
24144
-17258
-3586
15639
-9571
15454
-31107
-17577
32668
15891
16201
15662
5188
15972
-24667
-17213
27188
-17195
8899
-17163
-24449
-17372
20158
-17673
31767
-16868
8871
15760
-28172
-17123
-30951
-16894
13032
-16160
-2861
16432
-149
16140
-18040
16137
3816
16221
28051
15927
-12238
15930
75
16012
27096
15942
15076
-16994
-30059
-16877
-29495
15888
20899
15691
24994
15872
32566
15431
18281
-17146
-32233
-16958
-15194
-16923
26232
15845
15634
15792
5364
15572
32253
15976
-14677
16045
-1264
15894
23901
15706
32227
-17005
869
-17021
14932
-17017
-4109
15644
23945
15831
-9258
15959
-22540
15785
-20295
15751
19552
-16913
14218
-17088
26330
-16898
-2256
14983
-28041
15766
-13414
15901
6774
15678
13889
-16154
-16489
16441
5270
16112
-12665
16181
21375
16190
27003
16014
-15809
15784
-12722
16005
23867
16048
18460
-16983
4145
-16806
-3633
15707
-30230
15708
13296
15653
-6648
15792
5222
-17072
9920
-16931
6555
-16762
-5850
16050
-14679
15916
7998
-17017
28712
15841
29762
15966
-6082
15756
27001
15777
24449
15902
-29234
-17737
-151
-16980
14094
15805
-1437
15790
-2367
15621
28568
-16985
8980
15520
5129
-16823
1792
15808
26826
15607
-23945
15824
-1664
15617
-16895
15807
18942
-17014
-5929
-16153
-26934
16447
-22811
16042
27070
16183
358
16187
12140
16093
13171
15929
31310
16090
-15346
15933
25092
-16744
13586
-16828
27530
15540
12487
-17175
19747
15361
-23104
15986
-2019
-16849
19029
-17062
-27674
-16802
7779
16049
-17741
15887
-1616
-17071
-26607
15645
-6554
15977
-2908
15495
-21014
15492
11037
15952
26336
15875
26997
15725
-9717
-17116
26223
15776
4106
-17098
-23238
-17037
18073
-17361
20953
-16860
4494
15921
17548
15677
286
15759
-14143
-17330
-1623
15572
-23400
-16934
-15004
-16150
2258
16453
-23442
16040
7883
16175
32038
16211
-2245
16087
10161
16010
8630
16057
31384
15817
12147
-16726
16705
-16961
16708
-17011
15415
-17039
-23992
15509
-28968
16008
-5992
-16834
16414
-16965
116
-16808
18237
16054
25880
15969
-10259
-16989
-8941
15034
-18840
15961
-3109
15778
-22186
-17145
-32286
15932
9834
15779
-31636
15880
19089
-17352
-10238
15672
-31264
-17347
-1023
-17553
18126
15750
12450
-17206
27910
15916
125
-16968
-31071
-17408
-29708
-17017
-29216
15673
-27276
-16868
26529
-16149
10043
16459
-10906
16069
-29071
16140
-21453
16236
26413
16142
18056
15843
-7083
16048
20381
15597
27925
-16746
-5555
-16975
6996
-16883
9758
-17098
-32321
15883
28005
15938
19183
-16848
-24640
-17112
-4443
-16841
-3156
16087
31781
15875
-29066
-16964
-23213
15788
-3572
15883
16240
15902
14763
15545
-16037
15889
23435
15724
16170
15820
-20326
15671
18089
15736
-2539
-17099
2906
15754
-24253
15843
-24744
15554
13617
15891
-3114
-16841
-19649
-17113
-13330
-16994
23018
15609
-20541
-17087
-24755
-16151
-13684
16459
25155
16040
11875
16137
-25536
16256
-4185
16141
14069
15882
-1081
16025
-11586
-17050
-24455
-16763
21898
-17003
6139
-17026
13490
-16873
16843
15934
18700
16021
8881
-16869
20940
-16844
12926
-17012
3674
16118
28963
-17981
25758
-17271
51
15891
2773
15812
19044
15839
12301
15734
14604
15992
-14300
-17241
-5967
15922
4674
15832
15994
15746
-8335
-17113
21633
15780
-9363
15804
10871
15628
-6379
15907
-25891
-16794
-6959
-16931
9757
-17099
-16580
15748
29103
-17790
-9149
-16150
-4765
16464
28627
16033
29611
16109
-15076
16261
9682
16155
20299
15696
3928
16072
-27703
-16999
31589
-16843
26419
-16967
14262
-16995
5982
-17153
109
15763
-12079
16049
-23326
-16845
31339
-16896
-6288
-17084
3216
16091
-19455
15867
7716
15569
25757
15885
-10045
15902
18108
15640
4910
15883
21809
15970
-11154
15634
-23517
15917
3792
15908
30376
15900
23283
-16939
-27040
15964
17589
15749
-30882
-17378
-15123
15890
-25246
-16804
29820
-16916
-7631
-17082
17595
15793
3840
15884
5115
-16148
-5445
16465
-2903
16032
-31522
16076
-1114
16257
22694
16149
24875
15442
7677
16114
23352
-17285
8441
-16883
-5533
-16781
-17300
15506
-17270
-17075
-23027
15652
-28889
16035
-220
-16768
498
-17087
-22855
-16885
14237
16036
11470
16048
15205
-17020
-25327
15972
29790
15802
5643
15815
6774
15755
19946
16006
32431
-17084
18945
15955
-24309
15887
5382
15950
-2664
-16878
5357
15934
-10898
15840
-9176
-17023
29566
15947
-5756
-16795
22395
-16847
-13594
15485
-18497
15666
-19386
15777
-8722
-16150
-11982
16459
28700
16038
-13337
16095
-5212
16234
-17937
16166
7292
15757
-32481
16100
-29680
-17406
-13143
-16878
10787
-16769
8525
15630
-13255
-17137
-21783
15511
21628
16042
27633
-16756
26998
-16976
25362
-16854
8943
16085
20302
16015
16040
-17506
21434
16006
-4569
15781
-32527
15773
12583
15865
17061
15942
2228
-17056
13449
15994
-23854
15897
15866
15810
-28178
-17041
7511
15934
27096
15732
-28880
-17087
12703
15966
7861
-16913
-23594
-16787
-24747
15654
-22098
15718
4866
15758
964
-16143
8798
16448
28758
16109
26180
16060
15252
16241
11608
16189
15510
15913
17258
16088
1282
-17011
-1685
-16750
-24656
-16838
1366
15696
-10214
-16968
-15623
-17742
1942
16054
-19760
-16772
-26646
-16807
-25847
-16873
-31659
16135
-23875
15925
-17254
-17003
-23737
16055
15311
15786
-21823
-16992
-14343
15784
-31304
16008
-16287
15716
29259
15914
24310
15734
12464
15918
13363
15577
19730
15908
-5374
15624
-4459
-17032
-63
15904
27838
-16852
5142
-16832
19665
-17308
-9976
15620
-12670
-16945
24283
-16135
-19899
16424
-1199
16019
29911
16111
-10305
16279
28196
16202
30657
16020
-8404
16157
6451
-17014
19760
-16727
-15356
-16836
17247
-17454
-30837
-16911
25293
15883
15781
16038
3826
-16763
-11756
-16919
-23854
-16790
-24533
16063
3095
15921
-23409
-17147
-32684
15956
-32590
15450
21038
15815
22480
15766
298
16027
-11586
15838
-23986
16002
22320
15806
-18752
15896
-10536
-17484
29950
15972
10958
15678
-13511
15628
11388
15919
28467
-16718
-1545
-16789
2782
-17083
-22066
-17100
-13401
-16851
-25463
-16130
-3969
16418
10681
16097
-2115
16092
-3166
16263
21347
16198
5755
16057
-26459
16162
-24297
-16858
8902
-16815
7436
15497
18599
15307
-2217
-16867
22403
15887
11104
16043
22403
-16877
-15411
-16883
26305
-16824
-18634
16062
-17901
15923
-26939
15796
-20424
15923
9247
15847
-15618
15943
-8191
15958
-17951
16033
13639
15915
12975
16070
-279
15904
-2181
15701
6128
-16969
31229
15912
-4664
15666
31028
15523
5119
15954
3630
-16841
-28529
-16836
12606
-17120
4628
15620
27120
-16863
-12593
-16129
-13641
16424
-19999
16120
3094
16140
9393
16268
-22340
16167
-32433
15958
25608
16162
-24583
-17106
-1117
-16820
1098
-17075
-3592
-17339
-906
-16783
30266
15798
-16284
16015
-5899
-16877
28426
-16798
-19871
-16866
21348
16090
9090
15884
-31696
15866
26188
15950
-1954
15873
-7218
15770
3599
15756
4105
15952
-31856
15763
18664
16005
-5493
15897
-17580
15658
-17335
-16772
-10825
15781
3716
15808
29287
-17215
14363
15865
-3624
-16791
-20074
-17011
-10007
15135
341
15809
19430
-16974
-6167
-16127
-30343
16425
8754
16011
-547
16141
-4964
16279
-23241
16164
27561
15884
-16125
16167
1495
15430
23103
-16775
-12552
-16940
-30737
15761
21408
-16812
9271
15823
-24717
15987
5441
-16765
12327
-16832
-4376
-16897
-8652
16055
-5153
15850
-8973
15962
-11727
16041
5292
-17058
-20923
15679
-30091
15772
-23651
15875
17396
-17146
-9255
15937
-26571
15682
-882
15839
7272
-16853
-28939
15634
2822
15732
29791
-16875
-13837
15518
3513
-16977
-19124
-16895
-1458
15555
-22642
-17107
17605
-17192
-9316
-16125
21540
16414
6527
15933
-3776
16139
-19990
16287
541
16170
-24583
16041
-17022
16172
-25239
15806
468
-16871
-32018
-17194
-5564
15893
32664
-16751
-25359
-16894
7847
15826
-6933
-16639
-18865
-16778
-29163
-16781
-4388
16004
22284
15841
30081
16029
-17880
16032
-19033
-16966
9425
15604
-6723
15843
29395
15567
6919
-16796
-787
15566
19738
-17178
-92
15776
23021
-16918
16506
-16979
3445
15522
-18544
-17162
-4192
15687
-15287
-17077
-5137
-16898
-9567
15866
28429
-16930
30983
-16883
-21657
-16123
-13406
16405
-9778
15910
26393
16246
30759
16296
-3046
16162
-8706
-16916
-21212
16030
-16452
-16992
-6268
15356
-27037
15751
10601
15833
-21667
-16752
-2460
15787
-25214
16071
1733
-16836
738
-16747
-1834
-16840
-24595
16010
45
15873
14442
15935
14216
15875
23979
-17136
-18567
-16855
-11991
15396
-19297
15902
16289
15502
-30420
-17128
6747
-16821
-11165
-16954
-4887
15610
30581
15890
29473
15704
-3704
-16852
23293
-17375
2487
-16890
-32045
-16872
2768
15921
-11319
15701
-4386
-17173
2301
-16123
-24863
16399
16683
-16753
-10834
16139
22182
16273
27066
16168
-19774
-17353
30445
16019
872
-17156
-6041
-16868
-21040
15850
-1922
16002
2392
15492
2327
15879
3716
16007
22964
-16915
13650
-16817
22910
-17336
25362
16091
5820
15878
15745
-17262
-28532
-17603
14461
-17148
-5354
-16876
-18305
15733
-7918
15899
-14292
-16956
5431
-17221
6360
-16821
24400
-16941
-14314
15403
-12048
15917
15572
15788
-3101
-16756
1440
15821
29911
-16778
30492
-17130
-31583
15755
-24327
15943
1242
-17094
4224
-16121
-3558
16410
977
-16792
3443
16010
-8830
16267
-21553
16159
12206
15928
-23149
16154
32638
15795
12401
-16869
25441
15852
27655
-17137
6193
15377
20312
15664
6088
15828
12358
-16926
26577
-17047
-29781
-17002
1223
16048
9111
15986
954
-17280
-4742
15810
9315
-17036
-333
-17088
15280
15621
-15073
-17590
-9191
-17077
-24486
15671
-29906
-16970
-1653
15435
18691
-16993
9920
-17119
27149
15758
25727
-16779
26964
15830
9888
-16803
9199
-17112
-26358
15857
4696
15885
23519
-17051
8122
-16115
-27053
16411
-5904
15408
16519
16034
-3385
16206
-12358
16132
-3376
16005
15941
16136
-9373
15835
-22615
-17766
10000
15928
-31814
15834
-27276
15574
-1696
-17021
-2059
-17050
-15797
-16852
29064
-17001
-27813
-16876
30984
15873
-3930
15980
-11657
15662
-8360
-16981
19196
15809
11322
15527
-17705
15873
28032
15755
-630
-16996
-20474
15567
-2499
15793
-11762
15811
-2699
-16920
29118
-16834
-11939
-17159
-32446
-16896
-16083
-17342
22156
-16807
3629
-17065
-13556
15865
-29554
15642
3911
-17020
7335
-16109
19294
16407
26840
16034
-9580
16046
4908
16179
-1829
16117
-12118
15463
-14372
16082
1670
15379
-24473
15523
32151
15972
24011
15938
13215
-17007
2839
15910
-6863
-17344
-8961
-16765
2039
-16915
9992
15909
28826
16032
-17364
-17164
1188
-16965
-21131
15683
15150
15895
-19367
-17019
12512
-16965
24297
15783
26512
-16877
5840
15900
-20352
-17082
-17189
15694
-29675
-17091
-22508
-16833
23236
15275
-21440
-17125
-4960
15770
5240
-16833
1269
-17249
2341
15850
29520
15233
-18522
15784
28544
-16106
12366
16392
-5355
15961
-26662
16077
-22121
16174
26013
16071
11626
15872
-29679
16051
11464
-16901
28493
-16994
-5398
15909
17699
15825
20662
15763
-16766
15744
29303
15885
19088
-16729
31641
-16793
-7212
15623
-27967
15937
22487
15631
10176
-17268
-25524
15107
254
15868
-5663
-16909
-27019
-17122
-29732
15823
-7126
-17020
18408
-17512
17627
15755
30930
-17020
-21733
15453
11538
15631
-2508
15594
-29166
-16849
11585
15677
-32526
-16964
-4302
-17074
-17529
15718
27966
15534
-28165
15798
-26864
-16099
-31352
16368
-2024
16116
1644
16164
-17680
16167
19613
16047
-2454
15950
12894
16048
16771
-17015
30206
-16774
20443
15719
-23297
15647
-32611
-16909
-5740
15694
22005
15950
-22767
-16685
-17808
-16741
-21362
15723
-15228
16008
14401
15972
2243
-17158
14785
-17032
-12397
15712
-32627
15675
-14269
-17400
17864
15726
-25246
-16923
-26592
15757
29632
15602
-16588
15687
25800
-16874
26800
15638
-12859
15291
-27146
-16993
15644
-17043
-11368
15729
-7120
-16848
-32253
15552
-21853
-17124
-15304
15573
28994
-16089
-16586
16310
31976
16154
13387
16175
-20677
16136
-6905
16112
-19860
15970
-3591
15992
-18195
15915
12656
15663
-19062
15693
-32091
-16860
5878
-16733
12931
-16853
-11363
-17182
9286
-16710
-5328
-16731
-6028
-17157
28842
16043
-24536
15625
18171
-17278
23052
-17018
-31933
15912
5318
15878
-3531
15910
25642
15982
-16204
-17069
8657
-16792
21716
-16833
23041
15820
14073
-16971
573
15609
5111
15607
-11699
15826
10944
-17029
-4076
-17242
8303
-17007
27753
15362
1908
15376
17197
-17102
3156
-16083
16305
16311
-21864
16225
-6514
16143
-12965
16133
-22396
16101
7496
16013
5308
15782
855
15590
12069
15851
20600
-16851
10416
-17190
-24307
-17405
-22132
15789
24083
15818
31641
15548
-18089
-16987
-7219
-17579
-17536
15920
-16805
-16991
-26850
-16918
-16927
15876
29774
15621
7875
15879
-8939
15840
31315
-17167
24108
-16875
17287
-17112
16615
-16923
15063
-16841
-26623
15854
11140
15791
-16188
-17008
-21270
-16999
-14859
15977
14833
-16983
-20811
-16869
10973
15913
29178
15529
-4855
-16849
17019
-16084
14104
16275
15513
16173
4179
16102
31203
16121
-21903
16127
-29401
16048
29515
15759
-8369
15453
-20966
16042
-21190
16057
-1034
15778
24104
-17304
11599
15888
-11763
15872
-18972
15949
12982
-16948
24383
-17113
-31540
15837
-25982
-16939
-12565
-17032
4916
15912
902
15814
-30927
-17061
-8912
15618
-17236
-16974
-5020
-17009
-30013
15601
-5999
15617
12465
-16771
9472
15557
-6423
14014
-17779
-16992
1473
15751
8862
15553
4558
-17350
30508
-16998
-3907
-16994
2683
-17002
-9652
-16932
13619
-16081
-16733
16252
28162
16144
16012
16093
22385
16195
21173
16163
-26449
16015
22093
15857
28691
-17104
32013
15915
-22613
16000
-14067
15965
-25974
15990
-14622
15898
-17453
15878
-30456
15747
-6897
-16961
-5749
-16925
2761
15902
3319
15793
-9814
15937
16018
16049
-147
15888
10055
15591
3829
-17000
19460
-16760
29131
-16736
-7261
-17252
-732
-17002
-6760
-16814
2016
15908
-20067
15272
-27647
15485
-21211
15636
6272
-16839
7219
-17708
26557
15769
8227
-17099
-19137
-17004
15097
15828
30817
-16080
9532
16233
-20176
16149
-20468
16146
-29621
16189
-9599
16046
4611
15944
-10353
15854
-17852
-17191
-21441
16040
8210
16036
19763
15980
13705
16056
28702
-16867
6786
-16870
-21593
-16927
-5525
-17642
-3669
16010
-16801
16065
-23110
16006
-12919
15898
24142
-17332
-26553
-17051
-24313
15356
-4761
-17106
-15754
-17627
-13746
-16795
-3201
-16952
6320
-16806
-39
-16720
27219
-17366
-9525
15945
-15484
16002
-24204
-17046
1548
-17107
26761
14965
23385
-16923
4572
15250
762
15834
6216
15463
-4579
-16083
-714
16257
-4161
16163
3475
16141
-14883
16017
-12358
15933
19905
15811
-28800
15823
-564
15831
4416
15894
-8843
15737
12504
15872
-24379
16017
-28991
15857
965
-17175
12154
-17108
21904
15849
1459
15912
27999
15657
-2459
15814
14014
15903
21629
-17266
-22505
15495
19431
-16793
2517
-17229
21707
-17126
-32522
15833
-4099
-16926
31143
-16911
21597
-16835
4361
15699
-27232
15634
-1877
-17499
-2775
-17152
-28069
15873
10045
15879
26692
-16848
-11723
-16828
-26451
-17497
-22918
15867
15664
-16083
-19574
16270
26048
16148
-6212
16106
25349
16122
18613
16139
-14920
15855
2110
15892
12651
15949
21398
15693
-9365
15791
-18320
15915
1138
15362
-15443
15715
-18706
15827
-27213
-17366
24389
-17144
-29105
15956
-9923
15773
10424
15745
-10121
15764
27479
-16909
-21232
-17386
26849
15580
30742
15886
3940
-17041
4366
15948
18334
15397
32137
-16872
12681
-16904
-13860
-17090
4213
-16803
-28500
-17432
-12013
15712
25835
15185
32479
-17023
2447
15532
27554
-16947
-5553
-16943
-15123
15162
6009
-16080
-12774
16258
20108
16226
11991
16136
-26188
16046
5422
16117
-25644
15827
9248
15636
-29804
15878
22919
15961
-31435
15878
-13838
16007
22503
15985
-6079
-17495
20873
-16843
21482
15855
5383
15930
31589
15898
24865
15518
-9708
15907
-5288
15389
16269
-16831
2855
-16876
22419
15615
28844
-16949
27191
-17462
3591
15808
2262
-17180
-8442
15419
-28266
-17018
9377
15683
-24592
-17024
29695
-17018
-22053
-16884
9452
15554
9066
15244
-22744
15912
29434
15517
25471
-16773
-1441
-16924
-17050
-16083
754
16280
-19472
16201
-621
16105
-7892
15922
-17522
16088
-24474
16005
22054
15910
-17782
15901
21361
16046
-20980
15884
1752
16009
-538
15885
-17241
15953
-10537
15865
-25718
15670
2074
15892
-14960
15987
-28494
15561
-27076
15659
-17228
15618
-27020
15872
-977
-16858
-3730
-16913
-9714
15082
-31739
-16902
-7526
-16840
-14645
15553
-30136
15942
-32345
-16985
-13070
-16823
4453
15658
-14463
15394
4684
-16993
-29058
-17151
26709
-17108
25947
15615
25917
15655
14159
-16895
24315
-17096
-13850
-16083
10241
16280
-7396
16163
-8454
16171
-15782
16059
28681
16068
-20259
16143
6796
16066
12269
15936
-2744
15895
8158
16023
-9011
16013
16494
15709
26844
15630
-24957
15644
-14926
15619
4782
15624
16258
15224
-16397
15875
-15699
15988
-24672
15901
-2731
-17022
27840
15722
-11410
-16924
-10806
-16773
18047
-16724
-23270
-17079
-22251
-17521
-8111
15618
-17722
-16841
11819
-17318
30566
15888
31798
15778
7128
15429
-29251
15767
8255
15777
-23077
-16866
27166
15675
-28643
-17121
-20674
15842
25308
-16081
-16875
16271
5987
16155
-8740
16186
-12141
16134
20054
15983
13959
16089
26409
15936
10078
15901
25898
15703
-29472
15986
-15036
15893
27988
15948
-5862
15918
11093
-16838
26744
-16990
-27836
15819
16881
16034
20409
15905
1739
15562
27576
15427
10690
15736
-29638
15845
-6754
-17166
-7720
-16865
-27164
-16909
-6906
15171
-24979
-16749
-17944
-17124
-29176
-16795
-29321
15939
-123
15915
-15764
15584
69
15193
3965
-16921
-20636
-17091
23886
-16951
13589
15643
194
15511
10505
15665
27424
-16082
-25046
16257
3222
16028
-11084
16083
-133
16142
-4748
16076
-26488
15909
-27285
16008
-25218
15948
16187
15937
-4968
16052
31261
15834
-16085
15128
-1868
15946
4283
-17151
22870
15959
-2518
16035
31757
16012
-17320
15849
3830
-17222
-31665
-16962
-28876
15632
25202
15878
5821
15798
-8537
-17456
-16660
-16943
-2485
-17091
-5593
-16878
17618
15607
17303
-16956
13573
-16891
-19155
-17611
30068
-16867
-29460
-17316
-32201
-17064
31555
15288
32746
15218
21399
-17117
-11148
-16927
-3393
-17236
-28583
-16080
14721
16230
15050
16116
27298
15929
-31813
16055
-16836
16066
30500
15996
336
16041
-812
16096
-18545
16021
-271
16096
22103
16162
-17329
16003
14623
-16875
14811
15676
-20610
15856
30388
-17994
-15551
-17144
-6704
15862
20314
-17112
-10168
-16753
21116
-16893
-21362
-17012
12891
15427
28590
15919
24664
-17296
25664
-17215
27075
15843
-9456
15384
-29965
-16782
-16397
-17286
-31422
-17399
-25609
15848
-30300
-17047
18932
-16878
-7324
-16941
6630
15407
17503
15600
-14191
-17008
31
-16840
19439
-16082
-27407
16242
-9792
16150
25201
16114
-3683
16102
-29261
16057
-23765
16021
29168
16001
-8948
16035
-9857
16034
12470
15813
-24230
15749
24166
15861
-8609
15884
18648
16006
-12119
15961
-18304
15813
-28489
15412
-19345
-17002
-1498
15852
27360
-16859
17285
-16944
-12762
-16848
30303
15740
4779
16018
-6735
15852
-17166
15747
11641
15529
-26249
-16922
18740
-16768
-7200
-16949
-21834
-17241
3020
-17273
18044
-17034
9443
-16915
-25889
15229
-17178
15745
-22784
15823
1857
-16874
28909
-16865
-25445
-16083
-15496
16248
-6839
16037
11176
16027
19493
16029
-5893
16078
1699
15975
8840
16112
-19059
16072
14142
16151
-18567
16124
-9247
15977
12769
15618
-24793
15531
20059
15424
16221
15908
15847
15890
26034
-16887
-28084
-16789
26840
15831
-27792
-16855
-10163
-17741
-22982
-17106
2941
-16808
13017
-16991
-14587
-16946
-5314
-17204
-3176
15532
8965
15414
-23347
-17122
-20633
15595
-13899
15648
5721
15757
-6672
15874
-21001
-17030
-32040
-17251
31231
-17087
-18511
-18177
11856
15569
-25235
15688
-17585
-16083
18316
16270
18138
16149
13729
16039
1576
16017
25882
16027
-3648
16055
13773
16068
4186
16019
-24095
16036
-22564
16039
4877
16009
6228
15945
31210
-16988
-28647
-17050
-23623
15841
12389
15891
-22948
-16881
-23261
-16883
1808
-17017
-26233
-17076
-4216
-17241
4871
-16948
2929
15518
-4400
-16981
11576
-17070
208
-17151
-2769
-17303
1758
15816
-24933
15875
17510
-16926
16671
15577
-17027
15837
32299
-17006
14059
-17041
20564
-16875
-18954
15665
3531
-17035
-17491
-16973
-29190
-16868
-12535
-16083
-147
16274
19514
16180
-10667
16035
-8925
16140
13275
16126
-12545
16077
-25851
16005
-26856
16011
-27610
16083
3285
15866
-14298
15883
-4911
15891
22707
-16908
-6755
15693
12299
15988
30746
15913
-23909
-17490
-31636
15783
26597
14972
13058
-16855
-6846
-17219
-24293
-17096
-14696
-17100
-3847
-16976
8472
-16799
14355
-16877
7446
15779
-25162
15864
-15191
15971
-19465
-16970
-4615
-16862
18403
15558
-94
-17116
-21972
-16990
-22731
15792
23863
15894
4377
-16899
8545
15774
11901
-16847
31431
-16084
19261
16295
-4027
16197
-16870
16076
-15136
16041
-28578
16100
-20553
16013
-23645
16005
30078
16071
10925
16065
13158
-17078
8399
15935
28177
15877
29927
16003
23390
-16946
-30070
15602
31080
15796
7625
14980
7977
15792
12632
15638
-25724
-16881
-16970
-17133
-20211
-17017
10298
15876
30597
-17142
538
-16848
32309
-17242
-26832
15895
2855
-17221
-17792
15667
-20938
-17297
1619
-16894
29573
-16858
-31662
15760
3686
-17131
-12694
15718
-4165
-17008
-4005
-17033
-29371
15806
-5722
-17404
5221
-16083
13067
16267
-28282
16218
-10211
16130
-9733
16052
-12249
16063
-20758
16040
16467
16044
13455
16017
22759
16070
29468
15907
-14571
15956
13966
15631
-21172
-16930
20935
-16995
-19449
15778
16666
15843
-19783
15943
11952
15865
-23051
-17114
-11144
-17837
14739
-17125
18974
-17381
-1628
15698
18649
-16935
2124
-16989
-3484
15605
-22322
-16890
1651
-17134
18664
15888
12123
15634
-30710
15753
8376
-16977
32153
-16756
850
-17028
-6060
15806
-7714
-17117
-7517
-16980
870
-16939
19893
15785
-25883
-16081
29258
16266
6884
16202
11910
16098
17671
16039
6277
16078
-23040
16000
-14023
16035
-19953
16097
26849
16038
-10147
16051
18689
15963
-10875
15883
-16893
15896
-31010
15825
-24628
15764
5760
-17016
12288
15883
28365
15772
23695
-17058
-8867
15754
15742
-16979
23684
-16975
-7069
-17124
27221
-17371
-6271
-16872
15838
-16920
18056
-16941
3547
15630
-19657
15858
-30131
-16788
18991
15770
4151
15879
17261
-16970
-19740
-17826
-10569
15792
-26670
15454
31614
-16902
8313
-16928
-15570
15849
-28531
-16079
4358
16173
-25327
16177
14977
16137
-16292
16138
-9113
16166
-14587
16088
4393
15651
34
15665
28628
15744
-10305
15988
-19529
15902
18188
15951
-23438
16019
6221
16024
29197
15888
21650
-17023
8077
-17014
-24338
-16917
10089
15883
18351
-17149
-9689
-16806
-24897
-16983
-18281
15826
22940
15761
32257
-17373
-22127
15808
18095
15664
-22443
-17262
7125
-16969
381
-17040
-4899
15650
-14908
-16997
28179
-16822
-7397
-16853
16637
15903
-28577
15513
-19678
-16980
17935
-16990
-30441
-17149
10606
-16082
-20590
16263
13639
16177
27200
16001
5164
15740
9179
16030
-7670
16038
-1626
15921
-23249
16002
-28482
15945
31088
16061
-473
16019
10441
15923
1924
15882
-29397
15836
-4350
-17404
6871
-16992
30169
15836
-24052
-17196
24760
-16975
29659
15815
-29127
-16896
-31628
-17151
-19112
15894
-28983
15387
15143
-16971
28927
15823
-9803
15909
10184
-16831
-14384
15485
1668
-17205
31934
-17039
6038
-16981
17940
-17018
26441
-16830
14267
-17224
-27291
15704
-22058
-17060
-25911
-17140
-28374
15216
-14239
-16082
9022
16284
5168
16143
-2144
16035
-21499
15924
15280
16034
18750
15927
27942
15912
21414
15910
2078
15966
-14912
16053
5316
15944
-2647
15823
16542
-16965
-3579
15363
-22966
14995
-4636
-16852
-2188
-17213
-16450
15652
-31365
-17182
-18702
-17321
-14983
-17115
-32001
-17024
-25602
15800
-16792
15475
5898
-17016
1125
15785
25605
15841
-6926
-17105
32600
15824
19022
-16891
-4557
-17038
-20609
15690
-10686
-16970
-29073
-16892
21199
15615
-31331
-17656
26093
-16889
15678
15712
1319
-17440
29049
-16083
-21428
16277
31702
16136
5554
16090
8937
16139
32438
16061
-15120
16012
-3298
15535
-28716
15776
20528
15805
19587
15998
-20593
15916
-28626
15728
9041
15781
-28102
15902
-23538
-17321
-28430
15875
28642
15763
5433
16001
19260
15957
-2955
-17012
4109
-16989
-17346
-17082
15547
15822
-3499
-17080
-12365
-16954
25514
-17617
-27383
-17253
-29494
-17137
-23050
-17357
16579
-17015
-11263
15881
-10165
-16900
23223
-16944
-9998
-16990
-1819
-16832
19159
-17016
3503
15730
-2416
-17296
-12320
-17002
28281
-16084
-28922
16274
-22297
16175
-21999
16085
-5471
16154
25110
16135
-21373
16069
20089
15902
-3831
15911
-16769
15896
-4952
15896
-23417
15599
7841
15970
-5074
15814
16014
15979
12687
15862
-15290
-17142
18632
15817
29669
15959
30700
15836
19493
-17149
-19097
-17065
285
15896
22445
15848
4198
-16835
19586
-17020
-9871
15728
-16318
-16885
-1509
-16767
-22775
-16879
-11253
15484
-4558
15642
-6919
-17145
-30689
15759
8793
15619
-25869
-17009
28989
15579
-578
15727
-1528
-16945
-28267
15444
26500
-16097
3287
16349
9207
16067
10356
16101
4395
16029
9662
16009
2694
15954
8422
15931
18937
15921
-14461
15746
18303
15951
7130
-17192
-3538
15946
-4409
15763
-25709
15488
-10945
15754
8498
15591
-3500
15689
-7616
15746
-12083
15716
10078
-17142
26527
15787
-4120
-17102
4167
15679
-14988
-17150
-27672
-16972
-26548
15685
-14573
-16989
20956
-17005
-4961
-17005
19387
-17230
11774
-17084
-13686
15040
26260
15644
7578
15639
29481
15426
-179
-17012
-5904
15719
-1438
-17365
-13780
15820
